0.982608943313
0.8521453356
0.543333940856
0.476316852627
0.0886730268541
0.900983312552
0.496687755211
0.052096028225
0.396349067664
0.763635703587
0.369860000597
0.300682655166
0.0508720271618
0.6835983205
0.498200622095
0.830758994541
0.40161575827
0.758930529097
0.372281462616
0.739481004964
0.387774795249
0.556445090798
0.467407883165
0.42426855844
0.57117630438
0.543003745359
0.546152129205
0.533864344481
0.722016574482
0.457131323596
0.470506222297
0.285163596599
0.494610069078
0.533838894178
0.541958774823
0.4597059624
0.781912594566
0.358508153737
0.653593263627
0.515069391509
0.354674486263
0.425967940149
0.791541919772
0.30005384711
0.668043590027
0.521529824292
0.733994144776
0.804118632307
0.500683713772
0.531266640412
0.473551084006
0.344574719154
0.813370867371
0.490650327858
0.487016991637
0.548530245192
0.381255378846
0.497196289193
0.856385878421
0.706105668636
0.717651999941
0.503786500162
0.818294402445
0.432859983176
0.750991297332
0.483217656031
0.507502373025
0.484470924509
0.423652651512
0.588464104874
0.598387995052
0.731571311526
0.48985406263
0.470877745462
0.515684158855
0.808586637802
0.76729501108
0.729114313673
0.697922770701
0.729014555661
0.541023365475
0.816406613767
0.708636846546
0.740421014136
0.711295813958
0.422199192239
0.694970421721
0.689797360497
0.700557298942
0.684940077856
0.63969117844
0.694538142642
0.748175928689
0.701890001918
0.572360319889
0.568072816883
0.50460507203
0.775518475161
0.677335150798
0.582056362426
0.805512960543
0.775503924366
0.13643290387
0.847883094985
0.504796328174
0.771191753477
0.126932962297
0.938433932127
0.779107277184
0.356961804077
0.625932962716
0.600471239403
0.280211612288
0.700227047788
0.276570357712
0.804168435447
0.331066833756
0.845873103646
0.354073714476
0.488572298206
0.838688099827
0.398026798007
0.37895364188
0.387580264271
0.285961261555
0.722536594837
0.789964163138
0.402832684572
0.558042728363
0.161116568689
0.655244206534
0.5533589499
0.606179720614
0.419694890476
0.410802545888
0.449214937697
0.46566995625
0.47032775644
0.4407207518
0.828623780832
0.526967470108
0.480884721926
0.25980286753
0.900613874201
0.331194883835
0.757638060635
0.515740588173
0.415432374731
0.957175797836
0.500759520564
0.847249836763
0.734005194005
0.683992647714
0.589317100876
0.897025423965
1.19096274006
1.08963742433
1.18363488534
1.087260292
1.20104101906
1.15594436165
1.15245815495
1.16145445534
1.1380372452
1.14522131849
1.10505971327
1.15595165175
1.12445625592
1.13302871067
1.15387896842
1.19865078741
1.13296113267
1.12836706933
1.16335805565
1.16646517663
1.12596016316
1.13586458152
1.12972619518
1.12574308567
1.12260809209
1.12466649631
1.11132937877
1.13291911752
1.12789453071
1.06583530262
1.05362366759
1.14646992376
1.11830730769
1.07953871258
1.09124918923
1.0588562194
1.06774120244
1.05812273219
1.03660161153
1.04267976245
1.07247578627
1.07223886342
1.0309524893
1.07901632159
1.01450725424
1.01303203672
1.0588108334
1.00735847813
1.05325772032
1.00463566204
1.05265875463
1.09739234739
1.10933311435
1.06795599732
1.02150429823
1.05570217111
1.07396396629
1.07746605254
1.08895160657
1.0999431788
1.04001539646
1.0459004825
1.03006763804
1.03541902207
1.04788736888
1.05079304119
1.02668924236
1.02990492079
1.02985511361
1.04557335679
0.975708331704
1.03402023649
1.05926220299
1.04076636402
1.04755412086
1.04953554758
0.925840456698
1.00250514082
0.997212045995
0.982240834734
1.01100474559
1.0013217852
1.00223366523
0.937140529482
1.02255778426
0.974653560084
1.03061558783
0.985642984089
1.00707528892
1.00667969292
0.96162205828
1.04390057099
1.02376128539
0.991110292032
1.04471701192
0.989605834038
1.05268205749
1.05176849281
1.02118366278
1.03674950798
1.06013612854
0.989449230745
0.940620796472
0.927975463762
0.926712041786
0.965724518137
0.944796209327
0.943852422594
1.02122643669
0.939648254323
0.972592764929
0.963838927027
0.949772556586
0.982456748502
1.01479983065
0.950408434252
1.01368019582
1.02813372744
1.01040307081
0.994651398443
1.02598816365
1.00204732173
0.926866805665
1.02301433918
0.965547173458
0.950109214932
0.974608989354
0.974880176497
0.964599169639
0.97165958395
1.00444807148
0.969957726734
0.98128058267
0.984332125718
0.976500836644
0.932666298048
0.968159626839
0.960499307611
0.9471180933
0.911587690495
1.01487755535
0.972017632627
0.97507097459
0.907011364494
0.995896850769
0.97256677823
1.04097810583
1.00807629751
1.01184792417
0.91385775241
0.993574733485
0.924959569182
0.993442248755
0.971376379152
0.982990907804
0.906077742576
1.00253213807
0.965185933423
0.971769583367
0.993923628969
0.990197845945
1.01604423141
1.02555762531
0.877653818458
0.933965007747
0.979756343439
0.973286727461
0.964016444602
0.878199748111
0.974527349259
0.929811388705
0.960555691417
0.955192998314
1.03796847436
0.983837319285
0.976995861191
0.88320217224
0.917505329573
0.961385713307
0.993509219483
0.972535299157
1.01406938226
1.0087733686
0.966686553252
0.966633716539
0.964231344188
0.987227651475
0.932962311064
0.943961778214
0.903636103535
0.980893402433
1.01568481146
0.990673654885
0.933042628828
1.00037691815
0.986552184156
0.951703376542
0.991811824329
1.00921054029
0.935295535044
0.951682744733
0.878506405786
0.989778762298
0.931424432918
0.905738210314
0.999020672407
0.906495616192
0.970463692234
0.972058758333
0.953848067207
0.925174862823
0.991546285865
0.904943465359
0.884733043655
0.897984076539
0.95131149499
0.959589225595
0.931908226267
0.986590695511
0.949607333671
1.01285767606
1.00018988224
0.940256609654
0.965165767435
0.912859439067
0.973779767705
0.950966389177
1.02594071886
0.982367477228
0.993134260212
0.977968180351
0.871701482624
0.960883032284
0.912755903414
0.900152728033
0.916560643985
0.922540210883
0.894846303708
0.982109139992
0.902743252489
0.84293672996
0.837104123637
0.9406012476
0.971267368282
0.90489988208
0.894989071309
0.966916453044
0.914910567641
1.01322001062
0.900071027531
0.936780784575
0.898005030496
0.935825092602
1.00473115987
0.893543029083
1.01174796026
0.96641595455
0.998322355367
0.904653343381
0.980225511245
0.896118910822
1.01505035921
0.95869233852
0.993580086117
0.943933955468
0.903466012909
0.917269312332
0.966833137641
0.925423393935
0.962945418743
0.972578300384
0.934802232372
0.920031637259
0.882160517066
0.899049709806
0.955378521466
0.9892039473
0.951493468742
1.01274188272
0.999903829115
0.968099526584
0.884216809817
0.965455959999
0.955818306213
0.877613625778
1.00596798678
0.99138220803
0.963709496476
0.985984535107
0.927413082482
0.868498954407
0.99389491507
0.924585072085
0.874272825207
0.958018231614
0.941081393778
0.855125913061
0.851096013169
0.902314612504
0.990991829618
0.912731456517
0.96451111436
0.936548699476
0.968675776835
0.944926789325
0.894775210812
0.99782776167
0.928759833735
0.957898389786
0.947593929018
0.94727459981
1.0011574568
0.975120022014
0.946508795432
0.932236515984
0.925753266586
0.898923236599
0.924450792474
0.985473201289
0.852876491757
0.908697168356
0.940259949466
0.955497979091
0.833831584457
0.915551443217
0.851032468024
0.904032669182
0.910187138014
0.942513514605
0.891944564462
0.978345361885
0.902138908431
0.960769552684
0.981196654441
0.951681655664
0.876675334136
0.963714214124
0.879039604932
0.959176681707
0.943288810306
0.900027792136
0.921709591056
0.927831219479
0.909427774144
0.944252001743
0.908093183123
0.914153647515
0.926823417327
0.886281239874
0.9654649263
0.936528389971
0.899154423353
0.88734556651
0.940759635386
0.916446247862
0.896805784632
0.90726802582
0.961543694535
0.984736613482
0.869933330172
0.990940045161
0.900353156125
0.901530861776
0.913135567943
0.998763732408
0.94607248276
0.862362292151
0.987062976162
0.968715574682
0.873172454291
0.98666290017
1.00594745425
0.956207960886
0.871550257396
0.949755585256
0.940645296407
0.960209282223
0.961114982215
0.985197199959
0.959117207464
0.980921854854
0.961883897004
0.922788512508
0.902389724749
0.961123447035
1.00025334991
0.988029546582
0.974009324478
0.882284506077
0.912033646722
0.948967171388
0.926173306703
0.987409337002
0.983020068888
0.929910550459
1.01365053985
0.940465015138
0.983770234556
1.00407400383
1.01705286929
1.02404439012
0.978850720153
0.975043992534
0.996416899757
0.877074459145
0.922845046463
0.934200197931
0.935469094117
0.955101290724
0.99957760214
0.977073935361
1.00039288162
0.99294602587
0.971999386017
0.919946314687
0.95070574671
0.945677714031
0.968307653994
0.896700009814
0.92950133777
0.910716611581
0.977422819764
0.950829844411
0.904685996022
0.943155998116
0.896169695305
0.890685164478
0.924444695955
0.914768182718
0.918908422223
0.947075122192
0.901604787367
0.946046587135
0.951883020538
0.899107677739
0.929536067444
0.985896896659
0.922957199786
0.902028874466
1.0001456735
0.904146283388
0.890319994213
0.926057901832
0.958803331321
0.879997456204
0.905329641309
0.913785554197
0.932759885278
0.913945713672
0.883096121028
0.998328196932
0.93315890586
0.974044520404
1.0071461369
1.00812196174
1.01335863418
1.01564124064
1.01850191089
0.866111124034
0.928259115521
0.953096012315
0.954611739682
0.985089942654
0.984169604154
0.982567324512
0.976504646569
0.97908314945
0.935322890981
0.968279347749
0.93342091911
0.969151844433
1.01105186208
0.989813490599
0.879322094606
0.911872836179
0.983903637902
0.931458582525
0.911109114304
0.936495665091
1.0189492597
1.00909806957
1.00285650593
1.00935570762
1.03614411262
0.834628785734
0.922597229599
0.941414319568
0.83689852716
0.98471502783
0.955366187405
0.931772800346
0.920916005537
1.01745276141
0.987378548376
1.01642192463
0.825795891629
0.988442920224
0.939281160533
1.00425962907
1.00052503214
0.950173974776
0.928824956304
1.00419166864
0.986360321771
0.969809278325
0.975294943166
1.00488063567
1.00463870212
0.930709506921
0.999502764381
0.985505642422
1.03396316353
0.924346075993
0.873785157735
0.965322928303
0.888615006959
0.899915445887
0.963138532181
0.898928215778
0.886902856339
0.973283277217
0.888609290048
0.933775823183
0.888360549203
1.00937832681
0.963743200413
1.00418387496
0.991250104731
0.911285913695
0.865845446855
1.01046292592
0.932253194497
0.915072496119
0.937972530359
0.922038845497
0.908024132523
0.923258860535
0.92050789873
0.9296112845
0.903747130277
0.963453482555
0.884024774185
0.936571900281
0.965552632599
0.88701622543
1.01220164508
0.965196441674
1.02094915734
1.01218140205
0.936873844037
1.00989187561
0.953955690956
0.936417934858
0.942195166247
0.945530470315
1.008004537
0.962357263107
0.975475966286
0.936783432579
0.874808960726
0.999596374092
0.948238304861
0.964232172646
0.898411119198
0.904042821771
1.02281227174
0.922412382475
0.939985146348
0.944914151488
0.976775874183
0.926436402569
0.987036518047
0.978871928587
1.01611266157
0.906668904283
0.867791861513
1.00252961662
0.929846055459
0.979558588974
0.894361806064
0.95211366187
0.930056367445
0.992482560241
0.930047502588
0.899348123114
0.933865710572
0.891612818264
0.918101570021
0.947730549842
0.982872531082
0.925138966973
0.920747710075
0.977813358165
0.92000128083
0.827177434005
1.01129468836
0.930869802208
0.992982765671
0.97978769991
1.01519440025
1.01455497957
1.02114026694
0.901269021507
0.960515842485
0.9562901655
0.950947648127
0.935906172019
0.880591217074
0.881671841343
0.930058752288
0.959870865626
0.952808464447
0.965346149838
0.952003417173
0.896975436332
0.974109714573
0.886939170156
0.973702985905
0.898309249744
0.912154568113
0.939261854494
0.899987612747
0.952357661135
0.933724795795
0.967563281751
0.953048490344
0.962780864879
0.949384914609
0.910097185218
0.827072648558
0.917488710608
0.896664904098
0.975686099139
0.974017978031
0.954905479643
0.957205715708
0.991513221361
0.973123806891
1.01573089281
1.00443292208
0.997730002995
1.00577530028
0.948355874204
0.956850833038
0.99173778021
0.964070276036
0.883339836743
0.953516634378
0.884057072978
0.983899921756
0.888907963747
0.922019167317
0.952222575772
0.916980611562
0.902620806324
1.03923690454
0.91746236879
0.928018282363
0.953783709066
0.854505332367
0.930085487418
0.984734402596
0.967082167776
0.895034137243
0.874927221419
0.9529545323
0.893262627736
0.993932385319
0.881057611568
0.876930484938
0.903645270813
0.902992379254
0.937184795556
0.92384473777
0.920589819503
0.923341796291
0.897571678475
0.928152081676
0.993185646558
0.876956426733
0.934353728771
0.925170577647
0.889260875419
0.88646265413
0.912862411731
0.951798251929
0.912612831133
0.897409016287
0.932204929023
0.916934555439
0.961610142325
0.875904484973
0.920708209656
0.963645158318
0.902295183618
0.978389866269
0.964142786781
0.990285027377
0.99073806822
0.991804193909
1.00746128853
1.01799588364
0.93436252796
0.99078501437
1.02290982165
0.903033608778
0.884561105866
0.988862567665
0.872011582201
0.902360910941
0.922928883123
0.975038325777
0.943034919797
0.965464779627
0.972796204209
0.924625471439
1.03862005012
0.985731798774
0.915351130439
0.894486956697
0.880739099433
0.904374922999
0.92267780264
0.895853748825
0.898145944411
0.91918269567
0.928928229398
0.87383467124
0.955336599139
0.975455458348
0.925337399654
0.941015099943
0.92434106335
0.988799459273
0.946848900183
0.954220182906
0.851691648956
0.998678820661
0.998845570134
0.993359410858
1.02165766401
0.933140164501
0.875026496325
0.910845087287
0.841006395777
0.911432923648
0.921293178358
0.892699388548
1.00610782272
0.979571655298
0.94445641158
0.967289215249
0.949264040874
1.02590958712
1.02208349606
0.899492548863
0.990287806363
1.02165823352
0.987227071972
1.00066984133
0.895037283031
0.965289351651
0.985368255846
0.977905970498
0.896740527854
0.925340237455
0.935653883264
0.956227223273
0.983997363666
0.900298991515
0.979643546085
0.929266284131
0.97172893841
0.891022390846
0.95641280216
0.947631392822
0.99565243451
0.943263021321
0.976461014078
0.883884315571
0.988038302948
0.873423409654
0.9594270844
0.964826284451
0.987653857348
0.965265689623
0.977449150895
0.962605661971
0.966195518318
0.970226883521
0.974700799418
0.964968669824
0.929423405623
0.924647407106
0.976566394745
0.985330444504
0.925309164479
1.01618590895
0.94474896703
0.963765108427
0.967024140805
0.961071932317
0.989095190114
0.97833817997
0.942669650037
0.889044588878
0.993264288853
0.894814802226
1.01909276953
1.00252713399
0.881996626454
1.0196844191
0.868736111948
0.885999716232
0.928884533377
0.976651154215
0.941042179672
0.902894227419
0.913628624969
0.989090418673
0.898341204597
0.998742885507
0.99516049425
0.92250606219
0.880370791002
1.01280498915
0.895490178083
0.887030322064
1.00414744616
0.951113001486
0.974114102404
0.92293321217
0.987814092985
0.921607345325
0.972086627077
0.977982342658
0.954698520994
0.953492453829
1.00515147916
0.971023114271
0.953883644119
0.852253271154
1.01027187716
0.933596019559
0.923413624712
0.893683731759
0.854822098726
0.918092905189
0.893148455693
0.975130828057
0.8678422323
0.90909529819
0.932669060458
0.893765227698
0.917886619659
0.933632829039
0.880833857215
0.89359565585
0.875794334336
0.928074566857
0.897424367221
0.909997545242
0.897763316562
0.896263630505
0.872639934353
0.897550920852
0.9186541354
0.846522381761
0.876706956529
0.856655131464
0.906152015724
0.960538251524
0.941389947106
0.860499709356
0.867264863356
0.933829200955
0.935747766595
0.864421439559
0.986875611533
0.906782865511
0.896876182775
0.957012929209
0.99430799091
0.941322183118
1.00946166632
0.961488867638
0.933367808078
0.961830309776
0.910486391264
0.984411901025
0.910888954137
0.911702029702
0.90910043439
0.87264040354
0.92315636442
0.929498262501
0.898298407392
0.988219147179
0.999350607181
1.01608084686
0.977746418387
0.977574097523
0.999880719918
0.94721674216
1.00765800093
0.96184572794
0.972067063849
0.955057960299
0.902182477699
0.898289364064
0.960822937877
0.890894034052
0.855689727085
0.875783328887
0.931094577906
0.980407084927
0.864797239558
0.94611131779
0.959658139138
0.942765640113
0.924223334063
0.869402174666
0.958642515941
0.994138349205
0.891320117141
0.895735566679
0.97604311363
0.967117922578
0.86190609542
0.944318378369
0.992776467767
0.877963140388
0.918471962778
0.928701432379
0.970384019404
0.941120812842
0.917963857756
0.935548413734
0.910307292094
0.964592557729
0.870434286881
0.966310549548
0.913099683191
0.966591520514
0.906495657587
0.980729363067
1.00661885841
1.0060533017
0.913664146947
0.977889312149
0.988174867945
0.984902622653
1.00131705366
0.984140950449
1.00326586195
0.996316562284
0.971713189061
0.906424578052
0.963328927221
0.958087244728
0.890663832746
0.924077263799
0.971570369569
0.880159335859
0.916156565775
0.931380331639
0.991445978017
0.913423597026
0.950804099068
0.926895111933
0.985907650174
0.990998369827
0.955929270278
0.904010072735
0.99050792958
0.890208982154
0.980510416147
0.99060082616
0.911790409171
0.938750900903
0.911458764264
1.00557847138
0.940260621425
0.860830834097
1.00122991374
0.973373505919
0.980683716276
1.02705357893
0.996687020985
1.0014740037
0.861916837152
0.996045195388
0.997868354997
0.980328825091
0.971800350624
0.98111567618
1.01162199143
1.01633703571
0.940516911649
0.992218976593
0.971381842034
0.996074872842
0.952220587803
0.950150963052
1.00768664554
0.972707013608
0.958325530157
0.990599131754
0.904496021014
0.909362830447
0.936042623048
0.953484433659
0.885401862883
0.95407744043
0.884360747488
1.0022617509
0.952426539481
0.945522976565
0.945622169465
0.86373141274
0.976291727937
0.910425460726
0.935961694046
0.884626970218
0.908156642043
0.957937447131
0.917367329663
0.892856248637
1.01650704347
0.900957874191
0.888493125809
0.942955306121
0.944300935443
0.977944588316
0.923822639548
0.955388418605
0.909221339474
0.858737557283
0.90575956244
0.867196042819
0.939897278667
0.896218409477
0.904828815815
0.893528559084
0.872172759502
0.996620273062
0.84695436163
0.882017992196
0.775852337649
0.887744421697
0.979828134
0.968864069873
0.897411824807
0.908656845632
0.977180119789
0.884934566978
0.904868804453
0.93566615841
0.946289258908
0.921495488097
0.982435900353
0.901778195738
0.993956064116
1.01341845391
1.00596184749
0.95809468321
0.982072562599
0.973919932424
0.903829350004
0.979071261771
1.001991515
0.907236916166
0.891136047161
0.95512844079
0.920402353981
0.961700192426
1.0099552803
0.937667708159
0.946146964901
0.975606081937
0.918031516615
0.870751639579
0.928694486412
0.894118651559
0.946046115155
0.972608104736
0.963121513016
0.909535147356
0.94081120793
0.909060841969
0.917437980889
0.910387809916
0.914584327973
0.96229584383
0.922279975038
0.963363698318
0.948430278784
0.897216202423
0.992425970317
0.927659263235
0.980398139528
0.942867759439
0.976493013194
0.993202236377
0.986833143907
0.992749909019
0.953834636182
0.95803738954
0.973273636057
0.960858545339
0.922322705868
0.985752202874
0.961854368706
0.960053242252
0.980142856592
0.983854438359
0.876462277978
0.931157132156
0.859588023386
0.982223069784
0.91130826219
0.953409156444
0.987762318611
0.921867407584
0.909072724061
0.986610199507
1.04112320628
1.0177390252
0.910691181392
0.903915069261
0.908189078558
0.963199722452
0.966487304878
0.889898529813
0.955767591582
0.914016063194
0.967832380358
0.872574910255
1.00147467289
0.976573477941
0.908454121127
0.884510121206
0.990239842833
0.95870105606
0.878505347787
0.987299604403
1.00403818958
1.02732042563
0.877197634476
0.938039415246
0.897540818796
0.942417716888
0.908865326875
0.959321954165
0.864347060047
0.940657942915
0.922922389863
0.99185472182
0.960563797976
0.955149301721
0.986317416286
0.978096073455
0.970645109479
0.95574906182
0.926497432981
0.885114639987
0.869890753094
0.976226198109
0.933490129341
0.908369085546
0.924042368899
0.88872657464
1.00430349427
0.953879870583
0.923185901329
0.886905779658
0.926234090992
0.99811859644
1.00890507212
1.02353559156
0.87048950107
0.948096358327
0.944869139323
0.905922355551
0.902893600772
0.939018666897
0.918920598454
0.930918524678
0.953543341359
0.929036172231
0.915770452504
0.987935537588
0.899135831137
0.931622798036
0.963876691384
0.977052758526
0.978754795416
0.949800360416
1.02914633401
1.01913513854
0.896763312061
0.985704608871
0.957696673517
0.892437813769
1.00055852789
0.988123682228
0.930034006634
0.956928475325
1.01258081366
0.974014630047
1.01353373208
1.01227970096
0.884517217896
0.930295067208
0.894211118143
0.943970880384
0.846473273746
0.867162744531
0.943407813125
0.918426642877
0.860890963889
0.96833733591
0.843054989909
0.907584810379
0.917677337636
0.992919185632
0.979542164475
0.94270968767
0.951471335823
0.941919239331
0.973146205107
0.997770204419
0.925599215732
0.977838690375
0.964640103073
0.864174450912
0.992436852915
0.983464544933
0.944563893176
0.894999205181
0.953083380912
0.975406410611
0.897695903493
0.943718425674
0.912574005885
0.961512400118
1.00639485268
0.914474542821
1.00730290641
0.977685822167
0.984606933774
0.984470985585
0.996834389453
1.00651684903
1.02659700126
0.861063589406
0.936013343821
0.89789582538
0.980519358577
0.882114637331
0.971832122063
0.994231525047
0.99828470674
0.934859976203
1.0161652137
0.982001014189
1.00428310567
0.986397130816
1.0141051268
1.00056699786
0.995175984979
0.879705849447
0.944844400204
0.915944711183
0.928886326461
0.90989131734
0.981190643533
0.975446565617
0.908904470177
0.915450619857
0.940536127163
0.93103628659
0.989919701638
0.918316050826
0.923503608716
0.934433228737
0.954155704183
0.891678662947
0.963772313591
0.961363244116
0.951695177893
0.917566464545
0.878934214105
0.995290949703
0.903518072832
0.9768349372
1.01237982464
0.932615421902
1.00176681683
1.0158498651
0.913280809452
0.970591076267
0.960208559443
0.891761460403
0.927779875913
1.02503520569
0.885346994862
0.985524396451
0.940141226821
0.992600005925
1.00588018436
0.95922013882
0.889453562984
0.896803392311
0.974909000622
0.885672799546
0.942466657549
0.979401803299
0.974007325487
0.953071859885
0.906652038653
1.01623052182
0.97548639624
0.994233090805
0.928023926642
0.964993329435
0.952375225624
1.00041749609
1.00403192664
0.977277206851
0.997678798258
1.00010672833
0.988479591613
0.979673983299
0.855559472452
0.910439496803
0.927055342451
0.985477144904
0.916149461894
1.01657178406
0.959102685964
1.01668525116
0.904290163716
0.905348600604
0.863483073755
0.907951919783
0.918760328839
0.9353353893
0.905463772454
0.914680948004
0.985561096138
0.91522232048
0.937097882925
0.901724226395
0.979586893343
0.986730212765
0.939024963462
0.88596993261
1.00956574807
0.889071915082
0.982453566704
0.905511819422
0.949739237864
0.99887783775
0.962750856445
0.951259808945
0.903230685244
0.971030450737
0.966338157155
0.888290990115
0.964534870077
0.920842207335
0.945925549122
1.01963153175
0.941235877584
0.984514413962
1.00618851236
0.994084568961
0.977810786968
0.966268378618
1.00586034068
0.926293961911
0.991610235323
1.00770024744
0.984584435157
0.965244984617
0.971973016263
0.982635701505
0.987932442856
0.964872576437
0.997322966383
0.976535626077
0.990991159551
0.954911295638
0.881409666432
0.853328203815
0.989093970096
0.948931243911
0.955666331357
0.919335358435
0.924331221335
0.900156280448
0.915990439299
0.919167141952
0.899723560446
0.980407860276
0.943590132545
0.930384219237
0.904678688851
0.941305852562
0.985284341125
0.881580604999
0.918819354921
0.968261512364
0.97985473137
0.996561066187
0.90324987096
0.881482689606
0.983370080241
1.01640401781
0.976714987918
0.958432810286
0.969006795596
0.932197706703
0.899609881231
0.996960496999
0.973694170371
1.01453265981
1.00669811051
0.871752395413
0.897312004341
0.887302650477
0.930372265591
0.884366111689
0.931896749248
0.933321398105
0.925098749663
0.92754108303
0.941254215389
0.928705960972
0.882045622173
0.981718219674
0.966060633979
0.951940173918
0.914035747725
0.991353062088
0.949960869133
0.94369806135
1.02321816061
0.977541386127
0.975810079769
0.970658242927
0.896208926464
0.972543528543
0.873576060194
0.934756817121
0.955373095112
0.946615514972
0.89796956545
0.892622603598
0.929621157102
0.924338251604
0.843949022228
1.0033933583
0.948441287967
0.95468061601
0.959265951827
0.899062436916
0.946924614289
0.89364821447
0.930079675798
0.918210753999
0.92748667857
0.983779443109
0.882201808624
0.885211676326
0.913385366993
0.946068204535
0.921723234851
0.920620509312
0.937196091353
0.877384804091
0.969618226373
0.954670297903
0.925235799527
0.955813662085
0.928815076779
0.896655532875
0.966340308251
0.860137221265
0.982173824508
0.955916187342
0.866231979188
0.958457511873
0.926758354071
0.911789998425
0.970533884101
0.989955850177
0.892755529949
0.927101931271
0.941479976851
0.976453751507
1.00464150788
0.998683022727
0.977095892457
0.945347058217
0.927377841295
0.91946555305
1.00304519792
0.980821012052
0.985031328567
0.966028958889
0.893245722254
0.92531166585
0.957935348682
0.978081861069
0.96651287529
0.881059294229
0.980063000208
0.91701092772
0.882707046599
0.980243157139
0.922365367731
0.88510195004
0.870200711857
0.94032425826
0.895787504659
1.0078229231
0.972742535193
0.93114574303
0.996294034985
0.98379120834
0.989648407228
0.919212502452
1.00286516503
0.995237110991
1.01026441411
0.994506855171
0.935473041383
1.00925634519
0.96864907566
0.909947143695
0.987524819598
0.947423072784
0.881520569317
0.884689629897
0.899558740001
0.931897927286
0.971883331079
0.954373272245
0.877480397389
0.96951536605
0.906626054236
0.910186945579
0.988061310408
0.870644679035
0.933958433671
0.994336923866
0.926127034574
0.996423802682
0.983571910886
1.02403481847
0.977143462694
0.991139130774
0.909392664847
0.975713303151
0.915636373064
0.928312188429
0.903363214563
0.894507499068
0.99448742572
0.937852624068
0.888771518957
0.929822665556
0.982386219656
0.997434060597
0.956885198178
0.980684292107
0.977506115066
0.990009530092
1.00469030572
0.966636470294
0.96122638851
0.99022129408
0.966089343911
0.998255385695
0.984465106972
1.00120760879
0.934492737797
0.913910333412
0.931402202556
0.984633330991
0.998978514533
0.950243564027
0.932419977435
0.922906592696
0.829410142942
0.95603573371
0.883884141751
0.971036765858
0.865348086167
0.914294470506
0.938222386819
0.978912723513
0.972431893924
0.95168992696
0.994611364145
1.01639120883
0.978156155083
0.874427913703
0.953568891515
0.92869979272
0.952769117182
0.900477378079
0.971499868119
0.985447482064
0.978331145169
0.920311838158
1.01590572931
1.02083698293
0.985021097768
0.913247277917
0.975859159513
0.896257457248
0.993415820152
0.885235184827
1.00124321387
0.970096759464
0.964805473831
0.883880118668
0.891656322653
0.890315646884
0.994221127443
0.91250978133
0.96696852113
0.888726476018
0.998531875412
0.900732949336
0.886026861204
0.996388113004
0.941263266491
0.954518148555
0.941873641479
0.897312979454
1.00049820403
1.00849832518
0.991135304498
0.937736420075
0.890333813498
0.866513043435
0.906727653319
0.984042224656
0.938918886364
0.917440722906
0.922928147661
0.967277502539
0.991762271796
0.916531824851
0.975877009419
0.953279435264
0.883804247382
0.981362260723
0.873673141245
0.881241234309
0.994513613299
0.922306404347
0.930786798777
0.91508724705
0.981946909107
0.98707992163
0.906438255705
0.947100825942
0.901171996937
0.983805106619
0.957953844029
0.954120771997
0.984866148066
0.99645880843
0.972431450763
1.00817757779
0.930556067031
0.907297641145
0.964984548883
0.903442007379
0.909044214317
0.983335370972
0.996355359841
0.908235220551
1.01703462614
0.998308758758
0.937498951338
0.96654991285
0.925306229593
0.918414248668
0.911890676196
0.862123234702
1.0215490381
0.941474429502
0.989535734899
1.00449014214
1.01568093095
1.00497254338
0.869271359573
0.98564621454
0.981979324607
0.949248959424
0.941092048246
0.927166361997
0.916898685555
0.944737081451
0.874446284228
0.89215680775
0.931495132396
0.876518153353
0.991566374883
0.910884001218
0.953521049764
0.880989318724
0.905192826031
0.982402764011
0.905375397089
0.982936491631
0.879718443704
0.926495684035
0.944035502737
0.995570092358
0.938606564756
0.879800671574
0.998192494162
0.874113217103
0.843850439493
1.0084544017
0.95368928162
1.01242350686
1.00972522583
0.950414465755
0.933274576215
0.890734208138
1.00148527391
0.954409383191
0.965661420743
0.84523185719
0.909500630464
0.909768806125
0.956123113128
0.946589719937
0.865773210086
0.914575531763
0.988026442475
0.919131248611
0.958642177374
0.955974129135
0.912830084364
0.922929074103
0.904895230292
0.898386733608
0.957364694961
0.916052015285
0.875207308925
0.966591736675
0.910913802872
0.920187424656
0.938211857568
1.01275712736
0.94812175123
0.966747744224
0.886683960972
0.925692538878
0.943188072998
0.89738857872
0.957452225326
0.927743849973
0.898713836811
0.879280309805
0.97722879637
0.959769801695
0.868389804941
0.951683396036
0.895680061705
0.943027033332
0.928551717371
0.932049247284
0.956835502292
0.888060630032
0.970903837409
0.969406397078
0.91481877129
0.896349825844
0.98502531735
0.988107508349
0.951398279024
0.932876658249
0.995706761778
0.967305910866
0.937608210681
0.908764227336
0.95050728017
1.0034036512
0.985945106821
0.974546165939
0.896184540946
0.986075462922
0.99753789907
1.00533940823
0.9632309168
1.03326633408
1.02138380105
0.877756196391
0.967968847738
0.927723577519
0.957065941175
0.993681289145
1.02549061912
0.990368873839
1.0438246294
0.854435839567
0.888993582816
0.962981396083
0.937097481426
0.939173420328
0.873262026076
0.907133834208
0.893853628723
0.985659105003
0.994296284932
0.879458201393
0.96523658474
0.992644782551
0.926647622216
1.02238490391
0.988977666146
0.982031555746
0.966365109518
0.966165393048
0.977506100425
0.91936855619
1.02026550452
0.991437333969
0.983756223818
1.01968321143
0.98434787632
0.880389482699
0.971136495103
0.965078944907
0.917998644748
0.975960761854
0.926148918423
0.902242887867
0.98854740095
0.875836531824
0.982666024717
0.993513180722
0.963677644467
0.960725039927
0.931341810925
0.960520106097
1.02388121331
0.951897344463
0.917056907062
0.950087067153
0.924251363422
0.872682045769
0.895310621323
0.9252505152
0.88262661723
0.991504976219
0.944382021755
0.943275840562
0.934637583356
1.00782962302
0.908920899494
1.03423097137
0.992866553567
0.979000612456
1.02578666414
1.00211872999
0.991979258965
0.920341893934
0.995402482261
0.955742572993
0.949944603304
0.903094353025
0.911259052371
1.00661077531
0.984165153849
1.00339503919
0.960864033609
0.928910790637
0.989851859669
0.922720351453
0.890141826109
0.924041204909
0.988949220671
0.951499254028
0.957729270754
0.915173793268
0.989901479397
0.925659381508
0.936011846424
0.955033125105
0.977039746433
0.977104231592
0.884651734439
0.961357118283
0.999299966059
0.938847200011
0.898698362639
0.944469440132
0.946811328269
0.898547752538
0.977503520411
0.87926941267
0.948324958596
0.986355179464
0.916344180782
0.952336602019
0.889708697839
0.995490655251
0.939436964573
0.928073189533
1.02322872034
0.996128720759
1.01607355916
0.979383562098
1.02135738915
0.896565593546
0.968014177375
0.992136246182
0.945570057131
0.994240711902
0.955383658578
0.986084557658
1.01682764624
0.933105745135
0.962455296758
0.940727759784
0.976298558319
1.00386642582
1.00363135188
1.00221540034
0.993320661665
1.01570441395
0.972981533247
1.02381770586
0.983508979182
0.93552237606
0.960680880739
0.919448628028
0.952367789629
0.988363141221
0.973009481571
0.996479667683
0.960734014237
0.87730473632
0.932158563153
0.99381747713
1.00745109772
0.960248632469
0.952751189276
1.0034768083
0.988409590958
0.964967156394
0.998176012225
1.01447588491
1.02406750403
0.898255079408
0.897352832797
0.851655923274
0.965540549634
0.925962859812
0.883340971876
0.864181765059
1.00679463107
0.960285528434
0.997712537283
0.972270783316
0.961772037421
0.902165065908
0.846635752711
1.01785861061
0.878282943314
0.895459362218
0.879608009437
0.944752882914
0.929010439893
1.00059433514
0.986463189712
0.907111800162
1.0104339311
1.00720923934
1.00877480133
1.01679955312
0.958347495775
1.00379674299
0.97650058715
0.942899190987
0.927435387329
0.943327181735
1.00007920443
0.928289781849
0.985351917473
0.946784839701
0.944832759387
0.986569258565
0.978562563926
0.99886578105
0.990890841352
0.89434748275
0.940707508348
0.939519214507
0.905301927036
0.9517118323
0.894978156526
0.991195159824
0.9967752517
0.9851074488
0.985187267325
0.911269474397
0.899163158385
0.981037321759
0.959119188484
0.971859675227
0.85951151717
0.988538177432
0.879990172753
0.966679650226
0.924884330928
0.991762952406
0.908638767819
0.988875532265
0.907219012896
0.937873253999
0.935964791545
0.973701477043
0.983246012526
0.968493495733
0.900521178458
0.960673103694
1.02025409423
0.966948011496
0.962141419686
1.00368096146
1.00383225283
0.936587136889
0.947943897412
0.995126710319
0.987840938153
0.982198441632
0.95413283397
1.00592795477
0.968782266767
0.996221368237
0.886910009705
0.866687829212
0.979250230832
0.882057661228
0.944116262453
0.915447347538
1.02046320958
0.931168640108
0.967957038549
0.964991475101
1.00301317922
0.901696363971
0.873544677652
0.998274841306
0.920690888339
0.923563362676
0.868759684182
0.917285581913
0.922348157814
0.977911131749
0.948105005628
0.947353471973
1.00207308145
0.972613943361
0.872509215837
0.980080247341
1.00190934418
0.999289009178
1.0050378781
0.93203742614
0.92907167072
0.971948423029
0.965066265748
0.966234983682
0.896301307398
0.994883460584
0.899843538192
0.931821456344
0.923985325699
0.921425992266
0.921032879047
0.879118464232
0.944851158409
0.866673761821
1.03202420354
0.959076623389
0.988279384094
0.999540300957
0.93280578471
0.934379858478
0.957420365522
0.957966409742
0.969234932285
0.999334641714
0.967135889045
0.891570204909
1.00981258103
0.964853264094
0.876782703731
0.988616128746
0.993403254965
0.917019030773
0.888915641472
0.956887362449
0.88772784248
0.995134768077
0.913374432068
0.98251591059
0.924123071405
1.0021787239
1.03037324422
0.989267107051
0.863597145867
0.926872020375
0.900144664846
0.982972289952
0.946927540022
0.903587053751
0.953363937391
0.974267508333
0.948913624322
0.963803591652
0.986329987684
0.951429583503
0.953481422516
0.963320366129
0.898063638159
0.914467091443
0.941808656396
0.923723660036
0.974757443007
0.842877917688
0.899100727023
0.904958651778
0.969358488712
0.934647031293
0.929472301003
1.03068062949
0.957173678021
0.857842481389
0.873430455277
0.991521040411
0.89245021329
0.968601884177
0.90353221519
0.921290375624
0.970583393514
0.908526676912
0.879111202217
0.95074587154
0.996678198368
0.946281329708
0.906543407277
0.924921746184
0.979365493481
0.970191338545
0.998117869244
0.955326914826
1.00041755241
0.998497380603
0.975667644842
0.951206283322
0.961644228116
0.979148567639
0.983290828778
0.907622887956
0.986673387682
0.988944738198
0.962113210624
0.933986791122
0.944987426983
0.975444686694
0.885663615429
0.977904644257
0.999777122016
1.0197056655
0.964361988526
0.958948561321
0.969631015465
0.92347263699
0.952470080635
0.990419481644
0.91584605155
0.969519653891
0.976728998306
0.974625508611
1.00743005261
0.991743517595
0.918389296899
1.01278977723
0.893988240518
0.962071987384
0.898172198744
0.968844620023
0.956520362617
1.02161645133
1.01427658433
0.938989235528
0.911595509515
0.932048963422
0.903593759872
0.947637161519
0.981700998744
0.938885791793
0.95282934688
1.00559546451
0.943982473307
1.01866606533
0.968948270485
0.894594587605
1.00459638595
0.965791481933
0.988551745262
0.981915144349
0.998901401756
0.901638626697
0.899553963515
0.976697803798
0.925759575099
0.878878591781
0.943679971854
0.94751864338
0.920221047186
0.978469433759
0.983485954375
0.974954557092
0.984170372992
0.989929037764
0.991667748938
0.976653323804
1.00289350148
0.998626465628
1.01395373964
0.922497018286
0.961757214367
0.908282507172
0.912058574025
1.01454761354
0.953701063708
0.942035940939
0.911687372549
0.812589778048
0.969680281959
0.91423872017
0.866520667551
0.898240511655
0.850070919382
0.890021256431
0.97169275635
0.905640729703
0.91719796704
1.00634590131
0.85533364256
0.91024834574
0.991421365493
0.980114094399
0.951755358692
0.994735017157
0.871277563418
1.01148620042
0.998753877744
0.97957642181
0.964234057454
0.923560226165
0.907813333683
0.968720311559
0.901108252547
0.982319977551
0.962740724355
0.947357028546
0.924824494198
0.855712877113
0.928678938733
0.858409892749
0.997969973887
0.892293440417
0.934182701019
0.888702383601
0.955804483955
0.901997956635
0.960772535017
0.96068730666
0.959276138234
0.886808987761
0.922262560835
0.922040283624
0.84973066092
0.955313724916
0.885342673132
0.950240984625
0.991958616864
0.902203038172
0.911241145973
0.937424975037
0.994954817315
0.911343491766
0.994877337054
0.983868620757
1.0040405418
0.987614434246
0.934625220078
0.952906047622
0.971201841732
0.917799698928
0.972715815657
1.01635595886
0.872800761567
0.953550303214
0.916895246674
0.922234532115
0.963000890303
0.986273107875
0.897269451713
0.916216040637
0.884925582825
0.981153157821
0.984612390979
1.00513550881
0.940904391165
0.991882884817
0.989356542592
0.850580584177
0.939281733637
0.917788130904
0.999090665774
0.875341704451
0.963461203428
0.936511388089
0.918258669605
0.993411338281
0.946683708947
1.00274356356
0.930090537324
0.9520874785
0.845719005921
0.937025102573
0.943271183224
0.862385303299
0.883296855288
0.934744321231
0.965035779039
0.990304314158
0.950188921247
0.970091240259
1.00622108114
0.955905336783
0.98121644101
0.932638379893
1.00029820501
0.986095027859
0.881887760066
0.945839222053
0.895878828405
0.992639954302
0.972751217027
0.914157197469
0.724175921528
0.90213423029
0.981161570156
0.926746348061
0.90294304243
0.938595603625
0.887936410093
0.933293389326
1.00031133879
0.905524675495
1.00094004665
0.908258340986
0.994057269822
1.01848620678
1.00164734721
0.95068732407
0.995994709249
0.914766730255
0.986477046165
0.907809682653
0.885239695698
0.934281280581
0.988584825985
0.9503394955
0.938437067908
0.971468010651
0.949328489523
1.02429398184
0.948261168754
0.933794658108
0.959284333621
0.980698981278
0.925843573117
0.946979046133
0.965664100912
1.02314231563
0.969210054821
0.947378096413
0.917388635699
0.890943954152
0.922160436276
0.934228719471
0.982989824656
0.959947035736
0.893393729787
0.908752000734
0.961631415459
0.958315601128
1.00105937319
0.982377214233
0.941451898451
0.999470100836
1.01720343074
0.922927901153
0.948150448689
0.988412050097
0.985031460665
0.934093345736
0.943791358396
1.0086569457
1.00054365384
0.974026416287
1.03328956615
0.946616485655
0.98237730129
1.03255314882
0.969901574702
1.00237300006
0.996155751379
0.999278903803
0.881312024342
0.87856229366
0.91088482484
0.951244751499
0.841146369315
0.980135315006
0.884687070561
0.953963070899
0.954035096058
0.966610941936
0.901837018876
0.953959048828
0.951879446884
1.01165422068
0.901235085165
0.966190739301
0.92250232475
0.929948997716
1.02974213225
0.937514350219
0.944504641619
0.984606375398
0.977647272448
0.991279647211
1.01981375868
1.0006611143
0.911840487918
0.95703042437
0.950882943216
0.872830591734
0.897674291953
0.97000321478
0.890886497029
0.983099135198
0.914654094753
0.973744157159
0.947262381844
0.923788065249
1.01161785206
0.953500167671
0.950956316121
0.94744771971
0.919458493717
0.965912581312
0.992872853281
0.985798000399
0.876405630417
1.00002380985
0.8881642499
0.978508856684
0.951569809677
0.97613461279
0.9929300317
1.00180964777
1.01964768399
1.00712064946
0.888966977592
0.952382268245
0.958482928679
0.985042319904
0.899150570933
0.94383958434
0.968644166298
0.936857092698
0.971799933665
0.922736048614
0.896692376757
0.923636446505
0.959228074833
0.912159686983
0.953048186164
0.908785198754
0.917680912474
0.994079327314
0.900314877165
0.878248689682
0.977256186132
0.920998499333
0.984159212822
0.949710995295
0.916296113291
0.862679184428
0.989144695601
0.899668680383
0.988616319541
0.938101770955
0.991212114128
0.951020999091
0.953901252306
0.982634948724
0.956980293582
0.921176073477
1.00346926469
0.952758623629
0.903402151007
0.964934085184
0.916611734538
0.948434430827
0.929380769242
0.882335253639
0.976603284559
0.901059486768
0.969547502437
0.950371221283
0.936152648278
0.947108873184
0.956500384322
1.00526614484
0.912756119546
0.870135880022
1.00429467941
0.943689066089
0.983330336765
0.944371625812
0.8964799717
0.849878446213
0.897498959863
0.978968990127
0.877608676941
0.896248028766
0.95094320996
0.965717292571
0.90132764767
0.892564016363
0.887473832299
0.884503708184
0.916509028867
0.98941607898
0.873046095634
0.897932093491
0.902319426493
1.00630163872
0.952855084256
0.995970550178
1.00762843234
0.96047769498
0.967816121729
1.00461926589
0.972702130889
0.984976493666
0.972615849657
0.97557460621
1.01438859585
0.984162859297
0.929923012342
0.929097767044
0.930160476985
0.914402995827
0.995431036383
0.990904806478
0.984688311088
0.973823243289
0.979650585104
1.00337564046
0.976423624464
0.988136300558
1.02794798388
1.03456998931
0.874350407318
0.889563524905
0.902935551497
0.939237338178
0.964123214243
0.914783311036
0.897384176868
0.962922587737
0.988342418271
0.942828789003
0.97436692332
0.969552586076
0.992429191006
0.971940416898
1.00512599095
0.908094335339
1.00414202378
1.00574634644
1.00798376114
1.02319883917
0.884510395552
0.898868502434
0.956973291626
0.98641231908
0.941225743022
0.894846021568
1.02570745335
0.917375895204
0.855661043588
0.969468519379
0.928329113324
0.890692067103
1.023792069
0.889677763791
0.974036674913
0.933196731534
0.980289030551
0.879549229744
0.98755716326
0.956169820358
0.924886767596
0.9208604975
0.94076024139
0.935117715521
0.95555874305
0.892827390497
0.976254398133
0.961282342562
0.996722619903
0.94946741298
0.954601174481
0.990856146997
0.99820248834
0.923679939539
1.00589158075
0.981896258914
0.990268707718
1.01027690108
0.898252911877
0.952437793273
1.01800900881
0.956489436758
0.938948827189
0.971780704514
1.01011421272
0.979318105357
1.03499951561
0.915499189017
1.01284492145
0.969655220457
0.966361233108
0.978724040272
0.881684568408
0.995329152916
0.978565094831
0.992917380899
0.914319875545
0.991593063412
0.998007671642
0.928963256362
0.960362180619
0.959929727119
0.978809995539
0.866260717922
0.956437022948
0.911109876039
0.907962987197
0.943934569126
0.989669551235
0.90174220519
0.95384564782
0.916242711374
0.982189860338
0.916206480162
0.989702482142
0.991893455371
0.899619959489
0.999891374153
0.910513717762
0.978066789353
1.00371660305
0.963612370258
0.973970400406
0.958333001925
0.982330373632
0.995005610811
0.964097758246
0.877336520345
0.950392792213
0.909180289023
0.925030965108
0.982574486859
0.971317149772
0.925276344528
0.960021170806
0.935933497763
0.964307396802
1.00839911792
0.920003857064
0.827288176827
1.01323811243
0.903675558282
0.944082145964
0.881267510728
1.00692393673
0.945900731972
0.966358543322
0.945459055892
0.949985009181
0.99462611612
0.88266764135
0.967961406779
0.934131525588
0.95048361057
0.894339443474
0.910859491033
0.882638861244
0.993127324408
0.952539325974
0.894272822171
0.927411507218
0.976615823851
0.863765252502
0.973191319573
0.874566563193
0.93303981106
0.896128922793
0.880973816442
0.96226509568
0.970726982033
0.90121230249
0.877387297351
0.946172311428
0.93215162644
0.948646885309
0.963529640924
0.981273341398
0.951085002629
0.988741846249
0.956259183899
0.982282701916
0.865188614431
1.0204807407
0.944166598198
0.927959950656
1.01354891468
0.970119569363
0.977696046612
0.985118441532
0.970032357777
0.896932317994
0.907958429609
0.963182396141
0.886655174015
0.956714056693
0.981890659943
0.865398283624
0.922610996751
0.978963649914
0.893277905854
0.948606033936
0.970529037244
0.963206207475
0.962544753429
1.00241378926
0.962489477908
0.973694381106
0.96232034245
0.978742784251
1.01108963592
1.01147292191
1.02220634343
0.94636967483
0.916475613083
0.889745889246
0.983148276063
0.884981590025
0.99718629632
0.93267775648
1.01583591526
0.930891403939
0.928867353818
0.875727059856
0.948770776396
0.936651135386
0.984814460875
0.982930885778
0.978421926704
0.955566188266
1.01780279864
0.98575264883
0.981647223963
0.991778070307
1.00065054955
0.933252500563
1.00983553608
1.01998896817
0.951577275581
1.00605606469
0.985659431082
0.99517258865
0.974969723474
0.98896012226
0.998870756518
1.01956181201
0.86547825896
0.977539606465
0.962991141414
0.938893645369
0.926070128448
0.917667667198
0.967299267556
0.887909318889
0.865816869334
1.01551305511
0.875104361793
0.973556197331
0.897356123652
0.957717691288
0.975404938537
0.969498852212
0.970420382617
0.983784621612
0.910266413749
1.01265616065
1.00834277422
0.946961847167
0.962093965437
0.872270773166
0.929398359225
0.909353674568
0.911360206702
0.947296676975
0.862441826326
0.942971366307
0.882144779607
0.921420274798
0.87375601752
0.961866587791
0.905789500419
0.905281084037
0.974272169008
0.931052553676
0.884021021134
0.810849143761
0.972776696151
0.976228517883
0.974276752917
0.995289486305
0.99042656614
0.980260542838
0.965390700267
0.986556898998
0.958492263185
0.958778670865
0.925289684555
0.960135086408
0.984163666618
0.988137848503
1.02759530569
0.934021575683
1.00420697283
0.990875466398
0.99879408599
0.867900881115
0.91789032295
0.941919142746
0.958734494869
0.936685203778
0.987003582466
0.936913336629
0.920780545763
1.00692154244
0.960770956194
0.935398700463
0.891705184719
0.947792268185
0.87621038931
1.00495464538
0.939101501125
0.967001314099
0.897178935642
0.953672583362
0.982478874782
0.924319163204
0.902062666629
0.92025939437
0.926221954492
0.994194062684
0.931186784653
1.00287252404
0.986353377629
0.943582776366
0.96619482504
0.969234605943
0.983187827821
0.956097723966
0.97575563136
0.990837927532
0.962941060387
0.998804076207
1.0287874998
0.949653122395
0.950956014981
0.989307150122
1.02059952978
1.03269932866
0.895327236554
0.978589453241
0.893144943686
0.970896318404
0.924961760031
0.906952675931
0.959037374719
0.897143908557
0.953114890902
0.928645401495
0.920236423641
0.899117487698
0.9081932766
0.837742434822
0.857513322971
0.964353873103
0.899383631121
0.94093932826
0.842371851898
0.885493976029
0.923936583377
0.890276888823
0.917549452219
0.983255143863
0.885831627189
0.869795790027
0.946722971976
0.87597712721
0.958585494119
0.943631172563
0.879909990945
0.944793370041
0.951856562467
0.931951071822
0.928909760533
0.984826971612
0.905244758031
0.963543822948
0.863078783067
0.982381874061
0.90189441273
0.915872111433
0.969417245016
0.929496795522
0.987609237394
0.962203870746
0.939684283991
0.933166835176
0.97830405147
0.981472209918
0.937172575609
0.83507718833
0.926810936739
0.93937916125
0.943487139427
0.855878562877
0.902289915328
0.900001744566
0.912642978522
0.90190628949
0.951143483367
0.900460092352
0.906574996245
0.892943449252
0.989609351774
0.935780598532
0.867976601526
0.901400148761
0.956079370578
0.954120872487
0.862248840089
0.970467295809
1.01538263446
0.936888596508
1.01538461653
0.955072716391
0.881128696217
0.952502048653
0.903641003674
0.969019644707
0.865201398921
0.914329842201
0.917973999213
0.944524939897
0.99760564551
0.884441893702
0.970060513524
0.900021054893
0.971926143958
0.889956617611
0.974759741346
0.893622324533
0.935909214033
0.965464312025
0.942402735507
0.835902942396
0.9648667288
0.914431517345
1.01329319993
0.98724684573
1.00077504098
0.956489640877
1.03379684589
0.976623889425
1.03129866007
0.998433510779
0.983473642941
1.01581064206
0.823026599738
0.852121060243
0.868744592032
0.90374631251
0.879187537424
0.944859238935
0.980304404321
0.920120263072
0.975364131597
0.84676265273
0.896444834026
1.00162709284
0.913021812818
0.973528054186
0.901566243793
0.986659092759
0.990049649398
0.972871708573
1.00454946791
0.923938547681
1.01165544745
0.94452516425
0.968792303219
0.971024529054
0.947876534128
0.955925400875
0.90689519596
0.885965789129
1.0009433521
1.02153693535
0.92625840039
0.988156204151
0.980049916388
1.0061643442
0.953825973131
0.990988455575
1.00787757282
1.0128837213
1.01301591195
0.926213474035
0.922777739551
1.00515548554
0.999849983136
0.98874197747
0.995268552874
0.985185155528
0.982904477019
0.9636481646
0.98381502694
0.952800500499
0.907835218494
0.904946181925
0.919724207066
0.913701559252
0.928048874635
0.981972811929
0.908864416564
0.946404101636
0.965169046268
0.903678008373
0.959720165135
0.975696750597
0.936558173144
1.01111528591
0.992585908464
0.96086952262
0.948555596604
1.01755522391
0.957954780602
0.981054180889
0.939138868689
0.981571071711
0.989179693303
0.998550674949
1.00942486446
0.990946765062
0.951234774063
1.00195875296
0.995857470315
0.986642013278
1.00151915199
0.990573197192
0.997333805698
0.985499531583
1.00035566111
0.939622338485
0.918786151303
0.970550449347
0.934187296334
0.97419448524
0.963857932645
0.967323916532
0.964977132724
0.892300109404
0.972547608357
0.895351650391
0.89950250848
0.984402736864
0.909357267559
0.989055253204
0.939982417454
0.893795115607
0.967927937287
0.9873643666
0.920194395493
1.01036417519
0.985308507355
0.985292020309
0.880863118214
0.95968690614
0.91676594169
0.949570244843
0.998426814257
0.932577864333
0.99756957804
0.925674682433
0.913077038097
0.936898474254
0.903377860947
0.971071649698
0.878802751434
0.849240068119
0.931518429588
0.950320027091
0.892634517983
0.992477723927
0.994701573206
0.929942438031
0.974523078656
0.994071456823
0.971468201063
0.971408106476
1.02383579547
1.01069385292
0.947961494693
0.877725409963
0.975174598293
0.868238585428
0.941962082888
0.925289501553
0.947928982097
0.907935697897
0.955229459819
0.870021961647
0.971493948685
0.986957177571
0.977142432315
0.929490004931
0.936329508742
1.0157084001
0.978428278695
0.975106797564
0.917677289091
0.969972081279
0.985069906161
0.999543475462
1.00034285939
0.988154101774
0.897089632746
0.891422879208
0.973381261938
0.968240002305
0.922531408468
0.896265037757
0.909819230851
0.910049033377
0.984908848255
0.904324877128
0.834787620789
0.995532534273
0.874481702686
0.970469817709
0.976385015251
0.893887037436
0.924507971354
0.876774582298
1.01086053131
0.919064060337
0.937546543095
0.932802316407
1.00596910751
0.916621868619
0.95838039332
0.94679386695
0.920226918415
0.980850844783
0.978486443133
0.923398523232
0.979179226617
0.935960774531
0.976430348504
0.897800209727
0.875956125461
0.95008793215
0.984804466704
0.92261658997
0.973510843991
0.930591514525
0.910319244783
0.966204285417
0.916107592195
0.977077525028
0.89474091543
0.984975867196
0.920508043873
0.880947694672
0.991583060207
0.985364731562
0.926213777965
1.00582911716
0.976018017352
0.90545987135
0.981429433008
0.99220657336
0.961635771357
0.976065374999
0.94897350567
0.929138352153
0.896029190731
0.859262959828
0.849612541802
0.96034867128
0.984632119028
0.93513823034
0.956106167316
0.932225250549
0.975624756394
0.880678497704
0.982955212134
0.988636174812
0.993030376301
0.947730373001
1.01423124811
0.993685637486
1.00895488932
1.00824357012
1.00438946021
0.915473705161
0.915819698232
0.891084426785
0.944595946339
0.928962666954
0.880988307711
0.880390228853
0.936001244305
0.909851872158
0.996562547322
0.968064258644
0.928589631231
0.835924753547
0.893439992067
0.986080194822
0.99603955184
0.866530024654
0.972199496753
0.98882064236
0.989821806424
0.9818256688
1.02170611304
1.01886723656
0.946144226543
0.922180742464
0.987638825888
0.924556324351
0.872916192225
0.916359672322
0.960777408249
0.991435131366
0.930107277944
1.0043616743
0.880304950784
0.958077670447
0.967053301092
0.863103180924
1.01198267678
0.870882807173
1.00998493285
0.868103250036
0.918238596395
0.958371538428
0.961966762
0.965634501958
0.980933560038
0.992144731409
0.934512405917
0.977312929122
0.976146773536
0.930211235411
0.986494565372
0.899568086778
0.988679279795
0.996781370927
1.00065830528
1.0023734478
1.00864103776
1.02802086396
1.01995813178
0.940140253879
0.96181997522
1.00440011919
0.928568259919
0.904029227005
0.968790265334
0.970053326581
0.963652005284
0.994914318427
0.959174572717
0.961540442321
0.887464271115
1.00948717313
0.942744859801
0.933274643255
0.967420532214
1.01827818338
0.986161678319
0.822139866003
0.996296052747
0.975577704137
0.898022835604
1.00631917153
0.981667110036
0.976697372873
0.980660670385
1.00777661055
0.96749480069
0.923363219582
0.910502532536
0.90551643507
0.868206442567
0.96852095644
0.982095304962
0.93294353744
0.947794357394
0.955382437591
0.942286224485
0.989874623609
0.918362429892
0.840679187866
0.903212087835
0.998314647651
0.874444114572
0.86371993325
0.965376847994
0.94470632073
0.901715293063
0.991145362403
0.950102519153
0.865081875642
0.992838108715
0.960974486484
0.892367852044
0.985276386453
0.950365341729
1.02160590774
0.978334576663
0.877023548947
0.937066674374
0.893723181258
0.939530758276
1.01008905088
0.972800790378
0.958844726614
0.896473222194
0.905433588362
0.909248610736
0.90976066573
0.926271683937
0.92867872969
0.935829425558
0.910285596591
0.930187196887
0.880368441102
0.885982143906
0.886545476259
0.969454093903
0.902969576411
0.945796625259
0.940471238283
0.911195206697
1.00508178171
0.899926139496
0.946857342347
0.982677001019
0.976261668315
0.900546417254
0.922586705466
0.965195822356
0.98805390005
0.98245831294
0.961675809611
0.96271684557
0.933402625843
0.95738369718
0.950163440001
0.901394654243
0.960150244391
1.00629177302
0.987058557248
0.934711612017
0.985191596773
0.90524952271
0.974018736159
0.892806414695
0.993922387285
0.929399146527
0.956444413593
0.895335588882
0.906262923348
1.00432961923
0.905288101339
0.960092345678
0.852751286013
1.01096858298
0.958524859666
0.964399228416
0.990038511605
0.937911209284
0.893013633921
0.930402479158
0.967960449319
0.900474403936
0.90344118798
0.977249469216
0.973666185778
0.934249500232
0.91127468312
0.999115359588
0.99872737541
0.899142686929
0.977130655661
0.982864014718
0.94674474482
0.893365731706
0.92087867066
0.976523271763
0.907692625719
0.964018481979
0.928096054553
0.938682835733
0.917970567888
0.927432184695
0.907047586473
0.90654897483
0.939428722744
0.999705379969
0.946091384282
0.892485268315
0.94311099428
0.857308690045
1.00078292906
0.875044200925
0.882589189339
0.976945890698
0.975129551225
0.867913120038
0.934878794256
0.857126034267
0.847553860074
0.920650255076
0.917094528591
0.891337399788
0.888174871027
0.94466415458
0.950760422949
0.845626173698
0.987523783272
0.852369044342
0.909282430726
0.956774298686
0.951905264237
0.882452112573
0.879395942
0.942818454734
0.958494593782
0.950487479838
0.92525187212
0.888195377251
0.907599049719
0.988899377091
0.851134121516
0.850946119952
0.932895344429
0.922589379749
0.959016849925
0.9903840179
0.922954579183
1.00200494274
0.927473078966
1.02064917517
1.00256598514
1.02953400872
1.00042358831
0.98566981319
0.985673476258
0.892987699764
0.899485296744
0.930262068078
0.871209331562
0.967395890766
0.912532411585
0.916337358525
0.917545592501
0.992489048089
0.936645979725
0.90531467182
0.996209252578
0.943344434982
0.925619827586
1.00093100523
0.987711670412
0.982265253914
0.937844955038
0.919960033455
0.975569004366
0.912488165045
0.858227973954
0.883367210895
0.94199861626
0.994351277322
0.871934474102
0.890871612114
0.961737274707
0.956080823954
0.983747478394
0.992938219045
0.893928492989
0.923603214498
0.978637990687
0.964312903839
0.941135417236
0.975309294501
0.950922838902
0.899004761846
1.01554529675
0.927739925499
0.920785055848
0.937366863182
0.985064017836
0.973999111918
1.01293384208
0.994730949564
0.93278921739
0.963783218894
0.983383669444
0.944892783598
1.00537339976
0.945979459325
0.996930233175
0.944195435722
0.849455914029
0.991412777173
0.939985564635
0.863040136735
0.997112345858
0.982913839323
0.92012218932
0.956729963665
0.897369331109
1.02051485771
0.957243296762
0.994469731045
0.999155028057
1.00898723789
0.951318891899
1.00794420851
0.941731878574
0.952672093674
0.940316806121
0.989056635591
0.933830648183
0.957136717121
1.00544433416
1.01196247812
0.971806871894
0.939761989547
0.92726272235
0.965726953817
0.97015080204
0.916251787564
1.01011348858
0.992676325244
0.979105380297
0.963966000907
0.924212664201
0.981698407467
0.922299825134
0.962679990808
0.922474293336
0.919397005816
0.956485194347
0.883246157349
0.962669400322
0.906998518588
1.00740171268
0.946029961361
0.894475635435
0.881169589952
0.976660535726
0.986726806949
0.942389472042
0.95114024833
0.989058732791
0.928558895608
0.978686016567
0.896534118458
0.919730751182
1.00820795678
0.954284812131
0.975406197934
0.971830918794
0.92888038393
0.986042959229
0.995755979174
1.00940085446
0.990323875776
0.892563360709
0.967852649982
0.867910932235
0.979506607141
0.930960059717
0.914572726611
1.00068773274
0.973396595466
0.95339502023
0.983177187401
0.891049748141
0.912772702272
1.02895363928
0.972933364319
0.998273877379
1.00541306756
0.972320496346
0.910301663013
0.945597232608
0.857689821574
0.866524622009
0.908006857146
0.981195110894
0.871929147918
0.894845426869
0.884571144965
0.94948779586
0.906653248416
0.871273328892
0.908537404314
0.881493715333
0.921786046071
0.978960034055
0.90638137759
0.998952551797
0.946662925183
0.971089030704
0.950763875475
0.897217190834
0.876104190896
1.05245939469
0.965456400182
1.01791195785
1.0017309472
1.03088613943
0.982107314783
1.00865187247
0.963917642856
0.982997856842
0.937879192413
0.996105412175
0.968498905466
0.996922596253
0.975957738148
1.00788832969
1.01897205373
0.998129636762
0.87846739535
0.892461093839
1.01774125333
0.933081796695
0.914262960302
0.995210476342
0.880332886584
0.994935222693
0.916040415182
0.99904681909
1.00750848727
0.971273681797
0.985773182969
0.95790635793
0.980301175321
0.967394327774
0.997887220002
0.979866918365
0.943426530413
0.869168849587
0.983946038156
0.96180586672
0.944370378587
0.905177272429
0.968573201853
0.915831544931
0.970184847512
0.874930181669
1.0219248926
0.926200483536
0.934024342548
1.01419869623
0.941616172361
0.901216995983
0.896205115117
1.01956180786
0.895880787431
0.941574374361
0.875281986672
0.997148449268
0.882060446237
0.997311389544
0.915876382016
0.975191842544
0.989020110382
0.907319105038
0.974561422517
0.995723992659
0.943446489746
0.914220514423
0.968248634247
0.954649323362
0.913307554639
0.977552630637
0.960727413241
0.964259154554
0.950170626572
0.932947856125
0.981676923618
0.937777232072
0.984865273064
0.977866415123
0.962325517584
0.891745444996
0.901503032923
0.935924954009
0.969296611304
0.849675200633
0.93926908173
0.868487485344
0.991313647221
0.989816164596
0.91623057147
0.887344658023
1.01341294636
0.988313981287
0.935022439088
0.954211280529
0.958587640054
0.901693851522
0.966127558352
0.988819887032
0.941382551045
1.00814158046
0.979550258706
0.995993211163
0.931382085083
0.920146480947
0.993653227358
0.93907947449
0.919923939826
0.924435033731
0.903925743865
0.988388101286
0.982566707952
0.947160251906
1.00428010672
1.01808534036
0.933430832155
0.944456940498
0.946452777789
0.948420145879
0.914307969392
0.988428700169
0.877828841678
1.00060851843
0.973154090626
0.909061357088
0.977049408218
0.996780565743
0.986236980426
0.968663014248
0.998056408439
0.999632488157
0.873850698121
1.00606204054
0.89865960883
0.917553660941
0.95616530476
0.94343894898
0.895210760696
1.00473634139
0.970762372863
0.932479939474
0.98797109451
1.00384931174
0.979819571814
0.992219249553
0.948410461187
0.977470993897
0.994105490218
0.992222000467
1.01190783155
1.01055766239
0.924074869323
0.999805014221
0.990617940159
0.971917339384
0.940189108635
0.961493141725
0.965144818488
0.994895690289
0.978440734133
0.984264209622
0.908842757936
0.852234355075
0.976155904004
0.952907415814
0.938577316855
0.897313337939
0.895834281692
0.992281786723
0.923162684762
0.999085676025
0.950967355706
0.987925451438
0.961167932558
0.992011005249
0.910755940604
1.00277508009
0.924460896131
0.969976650528
1.00848946925
0.939809727141
0.921462149349
0.919782748515
1.00450584209
0.99427807666
0.926089783252
0.988145306084
0.897486426031
0.954575481487
0.837382419615
0.961586377978
0.959159329141
0.909969421728
0.963282521091
0.963729670265
0.948690945
0.889666770716
1.00652950912
0.926061271679
0.973645852127
0.907085877715
0.934137084244
0.972010379931
0.909189762386
0.954990896522
1.00231846632
0.971785441355
0.972362756703
0.97308564315
0.998482562639
1.00233427261
0.990969909378
0.890821278753
0.934573109084
0.907473806752
0.980743699332
0.920804849769
0.906128871646
0.953132584022
0.892949599356
0.886395672922
0.976918155467
0.922438860428
0.938692638189
0.901140331713
0.932382030004
0.937317769429
0.916485902391
0.903934921621
0.859045866519
0.96337988385
0.885197469694
0.999684170666
0.94051695534
0.904146187455
0.973506450938
0.937617671424
0.892389170072
0.900896060327
0.918490544065
0.991865950341
0.926163192469
0.985900426449
0.979051245495
0.975663199441
0.965061545705
0.919165172475
0.99833783097
0.925127812075
0.954362992957
0.984604969693
0.988838059098
0.985829347901
1.00729333657
1.01465188892
0.908890616794
1.00448884943
0.960060237119
0.916169450771
0.953774470291
0.89868205885
0.973713012739
0.900289781062
0.914079487033
0.907669530098
0.975777872206
0.996429265115
0.905134632877
0.986348891988
0.983714787603
1.01401339053
0.964281230883
0.896447294787
0.922072416365
0.880036378912
0.971940829719
0.995385020955
0.970054157705
0.996882478733
1.00441145072
0.978921794547
0.871387736204
1.00803390155
0.962787630159
0.944900315923
1.01017147184
0.951964682997
0.987078674982
0.94337711371
0.852833835763
0.944050110026
0.904853641148
0.977245110631
0.87782702801
0.912730343163
0.982537426534
0.968797352685
0.983742473796
0.921726467592
0.992871642686
0.983394676915
1.01866360287
0.986726085677
0.978247716768
0.956393625452
0.900472729284
0.909033561065
0.947127781627
0.878148177225
0.986830474342
0.893715606829
0.970380589983
0.90204921303
0.958802952673
0.942825856655
0.995980330452
0.899525167927
0.995169494056
1.00666688571
0.908329357471
1.02380899175
0.883772669178
1.01697109792
0.981095568778
0.953130718198
0.951843813418
0.936458933591
0.972689390475
0.940805096139
0.92700524014
0.870626940802
0.9186187953
0.954002876536
0.888785507947
0.977804522077
0.924762328355
0.963657191134
0.971546930114
0.90175651009
0.948404589297
0.936830030336
0.924633909146
0.940709509541
0.875865637344
0.8755232152
0.954994926556
0.840599600421
0.893348174534
0.897489150678
0.924821646818
0.9901333183
0.93241698536
0.915754290958
0.951122660098
0.900945456062
0.913080009791
0.957414271653
0.956453294604
0.933733707009
0.922922118284
0.914207697151
0.899575939422
0.988863548401
0.93924776007
0.966981595189
0.969153805538
0.926896383182
0.963415417052
0.899890673716
0.957721401681
1.00853232543
0.963012407151
0.909568145115
1.02476620702
0.984732300545
0.869871409022
0.9592947498
0.876681099478
0.950289920601
1.01714756883
0.86417592386
0.994267446782
0.895819702081
0.933213197906
0.998175522162
0.884181950838
0.916658788379
1.0028169895
1.00663150754
0.968774301334
0.980211719468
0.923571679642
1.02566959019
0.962060529755
0.907152687822
0.930547620022
0.931650489409
0.928017729067
0.992365414274
0.906702236505
0.989783338964
0.944003634826
0.908343333331
1.01962427983
0.974523259592
0.926848727941
0.902022924077
0.906251696388
0.983810840641
0.946357793486
0.884173696006
1.02380495987
0.991768259384
0.942452356206
0.929561388264
0.956987570371
0.938540261276
0.898338648472
1.00446861566
0.9830057987
0.913518541119
1.01449161639
0.99648438227
0.968858395451
0.98512905745
0.997655397471
0.935077577763
0.890240414815
0.975158732578
0.900796171375
1.0142396415
0.89735471004
0.980673580891
0.954873792514
0.889336096907
0.957982906078
0.988943563764
0.939497634051
0.910822482588
0.965268156057
0.993401679848
0.908082257277
1.00321608333
0.874991594685
0.910817704288
0.968914031486
0.888873893192
0.902104137556
1.00232290392
0.906888759512
0.889453480515
0.952081619749
0.9246280246
0.906655708177
0.880886492059
0.94617067949
0.978178760199
0.934931682771
0.886751393736
0.903755559582
0.976337533029
0.877413213319
0.980129162733
0.94845482483
0.876882820579
0.963373028982
0.983311077472
1.0045733358
0.96449338989
0.957663402694
1.00032608063
0.969205905532
1.00441403623
0.913163922719
1.02409779339
0.984155047281
0.974391191761
0.937084728521
0.986214833301
0.968431840618
0.89245994003
0.980460142107
0.957795863232
0.874138797806
0.984099701175
0.988924321928
0.95516350093
0.994462404295
1.01060957027
0.987406002439
0.889644209775
0.843365001232
0.940505247522
1.00197975484
0.999770072614
0.967446413886
0.97784103532
0.957273565957
0.979605457288
0.9329924572
0.95477346108
0.976772570963
0.975714255398
0.996031345968
0.975277640395
0.95226448801
0.888328704319
0.981478774366
0.921593784247
0.957909984703
0.961828445064
0.985407272093
0.967406875888
0.995840146787
0.964318194542
0.974998122479
0.970552835369
0.902547800916
1.01937456889
0.922260215834
1.00210971472
0.986141287367
1.0152815199
0.984576450202
0.928677290117
0.956858668587
0.888495636467
0.937996761558
0.848128042995
0.920014355665
0.87851016925
0.933617020411
0.978206627745
0.934788771043
0.895648466539
0.879949820585
1.00771374662
0.902595489451
0.990699900757
0.929686997653
0.860216521088
0.987570617734
0.949008942912
0.892455549228
0.980882648333
0.856472047107
0.94733263874
0.91354904637
0.925250579296
0.963641789383
0.927359438821
0.938207627665
0.848367546068
0.984814657348
0.889697310471
0.89766717467
0.887199671285
0.930443666074
0.941718065354
0.968024164358
0.945424794536
0.88677925576
1.00608401441
0.893567958553
0.913406735989
0.987407666964
0.899924138161
0.969864354695
0.947029096853
0.931456014665
1.00019841023
0.988522975613
0.898104926848
0.9061258411
0.969139702038
0.982843404924
0.896367543432
0.981684465098
0.99770857954
0.973790284085
0.994562069651
0.964588433235
0.94528209109
0.905943827499
0.880397581101
0.970093033442
0.960996117878
0.930532409391
0.970009089177
0.989103692983
0.929466633854
0.983013227772
1.02138251037
0.970589958234
0.999250434646
1.00964814735
0.977687612782
0.95294152273
0.929120855631
0.94258754379
0.866406917022
0.966687565646
0.980039101001
0.908236241858
0.952800032918
0.970088072697
0.992261816893
0.893062950424
1.01094445438
0.979985508451
0.92758201773
0.967100709269
0.977501775557
0.940920426794
1.02458383572
0.968590377673
0.976369927349
0.919405518377
0.932636577462
0.970452869478
0.995561768972
0.996027743032
0.937140068493
0.999438428785
0.919676095088
0.93798991493
0.93362017385
0.964758959926
1.02035421349
0.986741166599
0.955025576516
0.891687700585
0.993500219073
0.90860011686
0.890031776088
0.893109270352
0.905927558258
0.904829539672
0.895704705321
0.914178077568
0.963045999979
0.862433933821
1.02357409708
0.974219617052
0.975803813236
0.955323527214
0.892345792895
0.976289608089
0.983384611343
1.01400343441
0.992767625191
1.01946421943
1.00989497854
0.913778110759
0.874124623555
0.945889937661
0.958262237991
0.971538655201
0.963211047777
0.939571516281
0.910993722191
0.936399996417
0.914340853643
1.01435323225
0.930497048212
0.90631374497
0.884551329845
0.981685686611
0.980937130775
0.867265575003
0.958738400111
0.865809643642
0.904304219275
0.91507915802
0.945515160444
0.969651357727
0.905179131378
0.89971476387
0.903031272693
0.93955307915
0.926171759826
0.929107999924
0.971923613851
0.947476679957
0.866157533799
0.926253380656
0.91624476671
0.897616101176
0.941108827924
0.889546259879
0.949568621346
0.864507257437
0.936136267716
0.90800893139
0.99567192287
0.898225546668
0.90748130178
0.911354708159
0.983254867037
0.915614578529
0.99088655069
0.918439674828
0.943358581182
0.938082896818
0.966098909178
0.974715151289
0.964473970913
0.909303974895
0.935118123229
0.98310039569
0.984533001654
0.937720244308
0.977280400284
0.994273741494
0.935046752893
0.908854301011
1.01076750021
0.922804819471
1.00470019104
0.961040026367
0.979159730146
0.976190680814
0.989128611966
0.978162803976
0.914305984712
0.993650468086
0.997243551616
0.96116997313
0.980103605171
0.999195925301
0.905500627021
0.986706081874
0.916735611202
0.991337474548
0.997341069058
1.00137452725
0.951021710074
1.01697195625
1.00159911862
0.995448467506
0.989096974175
0.884767556767
1.02080087715
0.983334780223
0.856963056317
0.999141705095
0.99645993344
0.99012800969
0.980666790357
0.999872573533
0.970063825552
0.922781564061
0.992105258829
0.942249153089
1.00962057415
0.929351073684
0.905379744065
0.915680126734
0.905489393408
0.949144931801
0.900573073777
0.970946975839
0.983448396269
0.877850464478
0.897132610772
1.00053016573
0.90787941838
0.919684345041
0.924148963442
0.932355295365
0.918462098143
1.0018160174
0.883817527461
0.943492441815
0.991246573317
0.898807196723
0.969089817999
0.885930685322
0.936872784418
0.906374350295
0.896551948762
0.886417956217
0.957881038408
0.881963381108
0.888628304942
0.918169672985
0.943866641206
0.974821902061
0.952717408133
0.945578453139
0.982932895659
0.936676787129
0.896252704454
1.00704051859
0.954684143721
0.977817562523
0.93254278506
0.967379494851
0.923978813269
0.935234690543
0.952279744123
0.902684330243
0.881993743681
0.936064046694
0.970909739396
0.884624248496
1.000848284
0.981860691818
0.919322862206
0.981099950767
0.985533251457
0.959398178183
1.00197023432
1.00573804122
0.952284454746
0.927149805742
0.869272650064
0.946991724049
0.943275722495
0.840877092699
0.963869455275
0.869534203774
0.965798929128
0.880945846674
0.828747196575
0.906142179671
0.927071831308
0.909855044067
0.827506835109
0.889195737838
0.892204543693
0.993139187929
0.931212482424
0.927018958469
0.897813763547
0.929256112375
0.860886716752
0.947500032707
0.927021504587
0.915269607673
0.980162086924
0.954981069609
0.906667456874
0.987570538908
0.942086924837
0.887153945795
1.00980449509
0.91800908718
1.03361765252
0.996575452852
0.97516359465
0.857035550682
0.996174652872
0.904865580816
0.939212061061
0.957585872746
0.972386170491
0.945497551719
0.988164327959
0.918622015556
0.963607750988
0.964183670373
0.997182503768
0.987715541666
0.959172109111
0.988872166692
1.01456593865
0.99247944917
1.00843940221
1.03441413293
0.930587394957
0.936228127927
1.02163064147
1.0022608428
0.997008053926
0.974038429116
1.0284043897
0.925907129564
0.960273664197
0.899063325239
1.00669186329
0.998008782493
0.914277505961
0.915397054476
0.903023290621
0.973576929523
0.984875576419
0.994069670954
0.933039245778
0.985090182172
0.978365069613
0.988203262793
0.993939575845
0.986894684367
0.992358553387
0.949447029327
1.02080956781
0.999420096187
1.0199116802
1.00666770516
0.8893483691
0.976692395029
0.97889066246
0.938553444526
1.00422055948
0.981322549318
0.960786170568
0.983343125612
0.984895050836
0.913000996855
0.871835667363
0.960666045461
0.909982791043
1.00034816757
0.909641906153
0.935360128674
0.902569989413
0.899068993896
0.904703969548
0.981372883206
0.899526400379
0.9382216583
0.86703019033
0.935015547043
0.976818211636
0.905830486028
0.979528415719
0.977435226014
0.945402174971
0.975027848819
0.906656966337
0.932586055407
0.918505154439
0.990540155647
0.912817957272
0.984637984794
0.906917649198
0.879653229622
0.956613995372
0.879282259369
0.944089613084
0.972184771167
0.92072994551
1.00519158409
0.908594610527
0.99947072416
1.01140592184
0.986611616605
0.928893668294
1.01218274088
0.941410655277
0.923688844367
0.894421968339
0.989371637859
0.940820715595
0.921683435295
0.995757645251
0.972033202814
1.01126245904
0.910976869804
0.900669039875
0.992170807902
0.925897866748
0.990992256382
0.948366779071
0.974241552381
0.901146182847
0.900403472544
1.02870792333
0.967353083321
1.00106647789
0.98900669254
1.00997060627
0.990636210774
1.03283769805
0.950425864426
0.968021305341
0.980258455324
0.953880613007
1.02490410613
1.00619774936
1.00250541248
0.919654216894
0.994408726625
0.986053652797
1.01276826105
0.961847375991
0.954308356797
1.02245721802
0.995579002313
0.979979583878
0.959846592274
0.977698090291
0.957479613034
0.974475677233
0.990587357628
0.959551363507
0.959323281816
1.01466888356
0.911691136982
0.922777281005
0.990623359829
0.970558378538
0.994841718441
0.983130441453
0.95448764211
0.927509640108
0.944877486503
0.968614350359
0.969914071999
0.965506607032
0.954551692991
0.92915833018
0.981380401967
0.939588406299
0.976368251607
1.02117591971
0.991719018622
0.987663189176
0.981703222248
0.987079460765
0.970066885861
0.993604930307
0.990310547684
1.00793074199
1.01705131267
0.991966577862
0.942963876663
0.956897216912
0.965446313408
0.994632383995
0.997589861124
0.99949154213
0.870776084495
0.916089486418
0.971149797154
0.978479936295
0.952483949563
0.87957367606
0.877010805104
0.974509235608
0.961597933693
0.867863551866
0.93940895622
0.837239330095
0.961887356339
0.935891398712
0.92713165371
0.979143261953
0.922775903564
0.893918169132
1.01589492166
0.975543443431
0.888586111056
0.976542171326
0.937229770918
0.973893364875
0.961628781982
0.955174667078
0.99719920407
0.952123790485
1.0012635018
0.963312419807
0.977423453812
1.01027732443
0.965906728838
0.934936927087
0.975788186942
0.907566877126
0.829168982734
0.996866225196
0.902254507376
0.952045318864
0.942305875543
0.967816467147
0.941236342006
0.941136060419
0.972757146721
0.910011043682
0.950238599565
1.0001478416
0.882425736053
0.972622907199
0.89308422788
0.942104604328
0.959677683051
1.02152689291
0.968678503746
0.91959642744
0.934110791928
0.911567762971
0.959317578551
0.913390178485
0.909457812619
0.831214423603
0.952881076029
0.930753883362
0.964837775071
0.925553678499
0.947965909286
0.927946135483
0.999953510762
0.901381232852
0.970843077406
0.889996584672
1.02730532148
0.918681784983
1.00470489119
0.954371930088
0.999516514863
0.994652529695
0.891365214478
0.900259452945
0.949451474966
0.881768198811
0.905953159897
0.981830826705
0.976963087622
0.946498550298
0.907721243564
0.970396531508
0.967966578287
0.883855502772
0.840352470426
0.965122942785
0.938585264308
1.02177235279
0.917258024047
0.945551728904
0.924432846192
0.999097740579
0.919831058922
0.998031591517
0.977578514812
0.972495563104
1.00333045714
0.957587953181
0.978883087868
0.99449293441
0.981255881166
0.986589573689
0.957756604269
0.932684436555
0.864881282654
0.936798594281
0.951658804462
0.889526528903
0.979669004711
0.865009581119
0.912634436417
0.908089496891
0.997990301768
0.933703631704
0.941398149181
0.939519079501
0.942896844327
0.968649742971
0.936967697853
0.878214892639
0.966958318707
0.904428760456
0.98643381931
0.992853427032
0.936154356706
0.984635664131
1.011946215
0.925033027222
0.923263332879
0.907664075749
0.981835347525
0.91664018118
0.974061965112
1.00082915769
0.992549864356
0.903345704682
0.974112292705
0.885990273007
0.939843900848
0.945418067244
0.993053832003
1.00906113652
0.904815198251
1.02193303095
1.00087051983
0.975220953124
0.987845757041
0.994184638892
0.985625073912
0.896542074459
1.00102955023
1.01867170918
1.01112114357
0.991194240462
0.970933615365
0.885285369107
0.977839532705
0.91315763287
0.981532321305
0.924062955974
0.905598456889
0.965811169592
0.984474399144
0.899533659235
0.985635212763
0.934406263858
1.01679909388
0.982877645679
1.02460295545
0.963566058731
0.884423661334
1.00119350456
0.974635935219
0.976849363947
0.954034084792
0.947423250156
0.971650834166
1.02175892632
0.924189848841
0.985920750717
1.01117969829
1.00020388934
0.918644239933
0.927754685607
0.97834545715
0.970570200641
0.88275144341
0.992615994049
0.893077821829
1.00016146069
0.903043456589
0.988024341571
0.933127816388
0.987007578226
0.992224746298
0.878326557265
0.906865393793
0.880826951421
0.892380542993
1.00806804532
0.914664013663
0.88648694966
0.982411357698
0.922414406727
0.920338554172
0.934701565407
1.00377920498
0.929190010099
0.923678114121
0.833319127172
0.979968283259
0.961260373671
0.995218196659
0.91104364307
1.00144846835
0.97816595092
0.980927275791
0.943094440371
0.988675172389
0.985015032687
0.938931952072
0.905994607068
0.941309968978
0.915704720542
0.953406983211
0.979829638568
0.881260036186
0.978053465437
0.929962437465
0.981221405482
0.945389060969
0.926013639713
0.985436770838
0.907638921084
0.936786112734
0.936041349564
0.991606588031
0.885657871953
1.00366260523
0.954064260311
0.971941961163
0.868038760792
1.01867646296
0.991410830766
0.980658486271
0.977090040075
0.981192159922
0.912348923355
0.997060410887
0.991878077079
0.925119849465
0.933676783329
0.896440831277
0.964380315467
0.955713644815
1.02344599806
0.935379442963
0.95318939981
1.01096886718
0.994334334971
1.00726101698
0.993595675866
0.865143999446
0.995842339771
0.895540604727
1.00635572875
0.974621840177
0.984254012789
1.00687606286
1.01302814404
0.920955922775
0.920992083787
0.959809650524
0.989988060961
0.948772893321
0.962637849669
0.925157752373
1.00583877372
0.919117647998
0.953636197957
0.913752160119
0.98809163234
0.890812763733
0.927207924671
0.889205561414
0.937299862526
0.893564851789
0.952952918967
0.890700508445
0.933338308442
0.994435938751
0.898368838589
0.930362674899
1.00368605157
0.912761671213
0.910197345344
0.917330645711
0.89759174863
0.995936276475
0.934204165751
0.931220099503
0.996773966962
0.898839519894
0.939251376811
1.01789675794
0.869026464654
0.919652606277
0.902766295011
0.978534321362
0.908858688246
0.983272464238
0.979365704458
0.967793673719
0.914540779117
0.993013510267
0.887475123444
0.931262755677
0.951467971601
0.871449650644
0.958489456675
0.927258457389
0.950249624993
0.95331338585
0.931631359518
0.973099874429
0.966128775951
0.916603286415
0.968248311093
0.946475905563
0.929321993642
0.94141293863
0.930422731717
0.916685094605
0.967943581351
0.907099803036
0.935650428312
0.907190653232
0.986366435646
0.977525607473
0.963732973077
0.934673762739
1.03133125095
0.955909377554
0.98446193612
0.958290294293
0.920003528403
0.937702443277
0.897676079604
0.852980500679
0.971935477686
0.888041830639
0.920424629208
0.893099199482
0.872533687749
0.925806504927
0.97122396371
0.905414722861
0.969068589277
0.906690068538
0.890508669279
0.902272084279
0.906916149319
0.981774276387
0.911904553016
0.899354700246
1.00128615837
0.874308750392
0.953220756682
1.01057381063
0.897651034044
0.960385350573
0.961073486212
0.966868140642
0.991034796784
0.9868792605
0.991546565602
0.996102841539
0.92967300839
0.878645167157
1.0044078645
0.937616148067
0.951441511623
0.893484042236
0.981599177907
0.986696668399
1.00447003613
0.891332751782
1.01248567657
0.999217274876
0.926009454913
0.998