2000
2000
1281
1152
2000
1659
1389
2000
2000
1387
675
442
2000
1656
582
674
1171
1221
543
2000
2000
933
1805
1387
1760
468
468
2000
1672
366
2000
1433
2000
2000
1556
1675
606
985
834
1854
633
303
812
1344
1364
943
371
1649
626
2000
2000
466
1396
615
639
2000
405
367
1456
1818
1577
2000
655
2000
1364
754
1448
2000
642
531
1428
1643
1336
2000
663
690
1333
2000
1342
1076
942
2000
2000
2000
2000
2000
2000
2000
2000
2000
2000
2000
2000
2000
2000
2000
2000
2000
2000
940
2000
2000
2000
2000
1359
2000
2000
717
2000
2000
2000
979
2000
2000
2000
2000
1800
2000
2000
2000
2000
2000
2000
2000
1762
2000
2000
1662
920
2000
2000
2000
2000
2000
1169
2000
2000
2000
1621
1392
2000
2000
2000
2000
2000
2000
2000
2000
2000
2000
774
1046
2000
2000
2000
305
294
299
294
305
297
286
368
289
286
277
374
360
377
391
414
431
437
398
392
368
379
377
304
379
461
378
379
298
345
283
419
476
517
383
359
352
286
344
289
372
299
354
301
344
359
313
283
292
270
359
313
330
536
345
383
400
392
395
406
533
438
351
290
299
382
377
439
302
306
252
386
389
444
385
376
231
365
291
206
289
291
290
260
379
209
307
207
431
289
266
383
374
345
396
346
413
450
441
392
420
617
256
483
196
290
254
204
311
202
209
209
262
284
311
262
300
467
358
363
306
364
274
382
208
336
211
210
285
208
297
276
214
358
363
270
351
343
262
199
367
280
212
197
303
358
317
299
304
647
301
206
299
210
372
252
299
359
278
212
299
396
322
217
620
289
364
364
244
377
273
291
288
326
353
289
576
208
289
311
294
397
478
625
362
333
366
275
328
198
462
224
358
200
442
374
207
522
311
340
359
200
376
209
204
305
201
294
209
334
249
296
203
204
280
291
295
273
301
214
397
313
690
381
265
365
208
323
374
456
216
570
443
275
204
263
282
200
314
201
193
201
360
296
206
257
360
210
320
199
346
204
358
313
194
303
294
377
244
363
248
310
285
305
206
578
202
363
208
346
365
206
248
202
281
295
393
270
314
304
369
328
381
212
255
306
294
272
349
234
242
372
263
263
373
281
199
200
211
310
210
340
271
294
365
202
395
207
513
212
253
304
297
351
203
571
266
274
217
244
286
292
284
196
282
201
206
207
213
196
372
204
298
290
210
399
365
264
212
359
202
277
288
199
209
279
275
281
200
318
211
208
202
278
271
205
274
297
305
200
370
267
270
280
387
286
257
304
291
246
376
323
340
545
380
301
286
373
380
290
301
210
251
330
292
318
362
214
564
263
297
208
309
293
206
310
202
446
445
310
400
423
449
311
250
572
267
209
210
302
216
318
301
519
203
517
288
380
199
506
266
215
287
263
292
204
269
288
204
279
297
202
284
289
205
267
369
259
202
304
259
201
338
299
263
284
211
277
273
200
311
208
298
314
396
400
389
405
729
208
213
214
297
371
303
358
359
205
597
273
388
325
385
656
207
304
286
208
284
322
403
388
319
521
1085
290
291
194
308
297
282
271
400
309
485
813
358
205
299
316
344
203
303
371
360
349
316
469
354
398
298
420
689
238
357
265
200
289
261
200
305
199
257
202
310
215
323
361
420
249
494
204
493
207
262
201
205
337
206
204
294
264
289
366
197
310
292
414
398
798
318
363
204
340
295
305
356
305
279
241
382
279
292
202
271
316
202
355
210
361
249
360
456
481
659
255
311
257
378
198
290
358
312
279
271
278
201
289
298
381
278
268
371
203
238
408
277
354
382
325
398
320
601
357
293
344
212
772
204
286
284
306
296
283
198
304
198
370
201
257
362
259
343
293
304
280
211
288
647
187
261
279
301
303
285
290
380
303
407
309
521
305
336
336
354
282
552
296
202
387
199
202
293
255
264
413
205
342
347
189
208
298
291
198
252
342
206
298
195
200
208
203
293
206
203
259
270
288
386
199
209
274
257
205
272
357
280
262
289
288
299
194
265
293
203
295
301
313
358
372
457
402
692
386
406
602
238
380
193
277
270
376
282
222
353
207
422
359
485
240
270
204
287
202
207
278
297
195
293
298
207
340
281
311
207
332
265
483
317
377
407
608
601
263
198
208
211
203
318
310
263
341
209
420
404
822
308
316
534
393
805
357
351
296
244
339
209
291
298
197
369
254
357
252
360
207
296
208
287
198
377
196
370
361
366
278
355
369
363
367
370
280
340
276
362
355
204
361
254
352
292
294
298
301
346
250
398
198
405
325
588
398
246
581
273
307
211
268
205
372
204
380
370
276
476
312
258
265
308
291
217
261
296
271
355
219
209
329
368
292
335
242
328
209
566
272
282
291
204
383
204
275
209
262
280
213
204
275
202
277
200
202
199
268
201
206
293
199
293
201
209
302
208
202
265
374
290
213
302
206
200
290
307
207
303
358
268
363
248
442
201
324
206
201
285
278
204
305
308
319
366
360
310
363
460
345
358
357
256
202
439
264
193
254
364
299
196
277
296
209
207
200
360
308
195
203
373
211
248
289
310
201
203
275
364
279
269
276
265
294
193
360
205
298
203
218
325
407
653
360
390
302
439
531
397
390
297
562
294
213
237
357
309
200
338
290
385
279
290
207
386
308
208
273
301
265
449
300
202
208
496
313
210
252
314
363
369
418
383
461
873
310
395
370
211
432
314
317
675
297
374
386
350
360
402
369
343
304
566
255
287
265
201
212
276
322
276
273
348
194
296
265
275
257
266
290
202
197
316
206
264
285
283
302
249
305
201
251
214
290
353
256
207
205
260
324
189
252
190
207
308
308
206
200
213
262
280
210
366
207
302
257
376
408
327
640
375
433
249
297
309
262
248
370
208
288
317
259
353
307
273
193
351
251
354
304
215
270
349
281
205
203
203
367
268
290
284
199
217
208
380
268
362
397
366
387
372
333
296
366
276
388
285
346
296
362
240
284
259
396
272
212
315
200
202
301
438
584
693
251
260
297
360
199
356
278
354
198
325
365
272
484
303
289
194
306
324
436
980
282
250
434
202
287
194
351
279
316
214
288
301
364
361
289
504
197
248
371
267
201
278
266
317
273
245
201
374
319
321
421
824
294
285
202
273
365
211
207
290
206
205
303
200
207
360
373
273
260
326
417
598
215
208
242
389
222
330
213
307
360
318
328
808
282
257
283
196
272
289
213
189
308
193
204
290
311
303
285
288
204
351
312
255
351
282
243
462
316
432
253
290
372
267
288
266
211
312
254
395
294
387
369
458
400
414
1225
213
205
363
195
364
393
391
258
537
366
355
455
396
311
360
741
285
263
286
273
301
297
198
333
354
282
387
207
270
353
288
205
293
291
281
205
203
314
259
343
313
209
392
398
493
362
280
196
331
408
202
382
207
303
316
293
567
332
302
199
284
375
289
212
264
320
363
321
667
215
282
308
401
354
392
306
353
297
548
203
284
396
200
319
345
408
256
648
196
266
280
293
286
292
314
205
207
200
379
365
204
199
409
264
453
201
335
312
291
286
254
352
303
195
343
252
354
320
206
376
396
389
443
334
362
255
299
392
349
349
364
300
443
355
303
375
380
287
729
266
313
214
211
204
277
205
284
275
275
395
268
276
201
250
409
203
348
297
296
226
199
195
297
401
297
370
354
348
200
478
375
399
490
723
201
274
289
203
280
285
209
273
294
211
200
390
296
213
263
314
355
208
324
528
365
298
733
303
196
206
211
274
256
198
290
279
197
305
286
212
356
204
273
257
289
204
279
304
199
196
206
359
289
283
289
246
303
267
203
215
277
272
373
193
378
272
194
285
281
278
295
292
199
209
337
305
320
315
441
279
602
208
300
298
375
377
645
282
281
299
281
192
369
200
458
302
203
261
201
283
206
321
292
263
308
307
391
498
316
221
308
442
343
398
293
567
298
261
200
206
285
364
376
285
194
310
258
268
372
189
353
377
204
299
295
412
465
308
504
292
267
351
274
270
403
280
261
213
385
317
213
458
359
452
397
530
355
384
380
306
437
314
509
251
346
386
313
282
495
205
250
288
251
395
199
206
204
377
301
205
314
412
432
583
365
205
336
202
299
313
298
338
318
410
441
667
313
240
361
197
309
293
215
469
204
348
320
271
212
255
397
201
249
392
274
351
278
264
309
371
297
258
737
199
257
308
285
210
210
296
304
205
383
349
250
296
199
253
399
205
207
254
298
302
203
332
269
301
213
293
299
386
364
308
666
200
379
204
200
292
467
200
398
306
579
358
270
204
269
256
418
216
463
365
357
360
789
313
385
292
283
487
264
284
259
275
283
204
314
207
289
199
268
371
199
305
259
210
287
304
260
254
311
200
194
401
292
410
400
689
247
396
316
288
296
760
208
272
289
273
203
204
306
204
285
280
206
263
281
203
295
287
206
300
265
264
272
305
265
358
196
206
280
254
306
279
269
279
318
213
197
278
257
289
207
210
297
202
372
290
247
204
375
371
271
203
477
348
345
265
293
310
366
283
484
369
376
391
447
413
505
814
302
208
294
305
408
391
526
977
261
302
285
288
201
271
275
308
315
200
290
381
262
314
354
363
366
367
363
261
325
443
456
317
301
887
300
216
202
358
202
267
383
199
361
377
280
341
206
374
407
267
604
291
204
255
290
357
201
303
291
207
276
404
192
425
383
459
317
446
461
338
441
212
335
260
349
401
306
388
350
343
462
261
632
267
312
286
280
270
306
243
213
361
310
299
195
367
311
286
195
348
288
250
371
269
304
313
207
337
249
475
208
206
321
382
417
441
321
569
363
360
271
454
212
301
404
336
345
214
295
312
404
479
386
414
425
406
460
523
372
207
343
386
299
312
433
240
347
400
399
353
210
399
378
445
314
498
421
983
202
236
444
279
201
262
316
295
308
363
357
198
941
324
197
248
200
290
210
306
296
246
321
312
322
412
627
394
356
368
205
338
308
205
381
211
335
308
306
321
450
576
341
293
255
293
263
297
307
308
365
252
571
301
217
215
241
384
195
346
204
360
205
303
206
502
209
296
298
349
203
341
328
378
431
315
316
700
208
309
315
458
436
397
358
352
633
200
300
199
285
261
329
208
377
352
308
553
267
388
274
271
274
211
281
312
272
213
312
351
245
300
308
311
479
591
263
348
289
346
259
311
256
362
275
209
343
253
299
195
330
297
400
316
701
264
361
335
363
397
442
250
409
358
570
303
306
200
403
290
199
473
201
300
270
397
330
364
709
207
256
374
279
201
214
300
347
352
363
215
332
426
278
207
292
276
304
187
200
206
306
211
210
332
282
785
201
308
201
213
257
285
301
205
200
294
305
211
250
343
362
306
307
350
380
393
345
343
344
442
369
265
443
307
222
418
283
360
199
302
313
338
447
344
369
206
348
305
268
375
364
370
405
453
427
400
255
369
245
301
289
327
311
205
698
204
241
358
377
211
347
316
279
323
430
261
300
375
397
383
304
722
202
295
267
196
209
289
263
350
383
302
382
383
398
454
403
388
495
520
347
202
419
318
213
508
198
796
309
275
200
274
202
200
297
205
207
317
199
248
376
300
286
361
196
399
359
387
299
668
199
378
200
212
346
208
349
258
361
200
394
204
286
259
287
279
297
300
376
263
208
272
198
296
196
212
306
202
248
286
305
205
301
365
306
225
500
579
294
202
289
312
236
431
254
208
343
366
205
202
198
387
218
314
336
359
384
709
302
280
315
195
288
285
205
368
210
311
205
359
243
291
287
255
203
347
305
315
290
288
313
280
309
203
330
378
737
267
251
304
368
203
196
659
300
204
252
369
203
280
309
198
317
205
308
406
399
690
304
205
475
204
661
282
315
216
257
437
265
327
208
656
213
381
269
343
346
410
372
277
204
646
276
211
301
286
202
200
340
273
369
383
276
314
313
672
211
373
297
256
337
219
360
378
418
657
381
341
451
384
391
387
893
195
204
271
195
300
199
282
266
301
275
288
295
407
207
354
204
357
226
276
355
301
216
298
330
394
687
210
213
858
203
369
204
385
280
294
291
250
315
288
287
209
331
286
380
300
201
446
248
385
209
342
302
395
414
484
735
356
288
294
202
207
429
208
366
205
244
265
384
272
351
202
204
310
199
259
296
265
385
213
269
258
388
275
378
269
301
215
350
301
345
260
390
266
199
296
277
752
206
304
363
205
365
206
206
355
215
307
200
467
319
287
375
210
656
253
290
378
286
206
288
295
201
252
265
206
210
377
196
253
280
404
292
380
392
443
349
387
345
302
368
344
397
364
336
681
208
246
398
388
357
346
369
306
440
361
417
426
990
268
205
290
301
264
205
285
297
203
375
291
303
300
363
204
314
319
390
318
952
206
290
302
269
260
414
203
783
308
208
198
319
194
348
274
438
195
306
290
204
334
283
273
297
199
379
291
394
212
343
299
298
258
392
370
378
328
250
705
409
210
676
367
394
286
424
580
303
354
351
217
246
379
270
311
203
472
304
348
293
370
287
248
364
246
202
279
309
205
338
281
358
254
368
386
203
354
241
440
297
345
295
347
366
376
365
411
345
269
268
370
298
202
343
209
369
308
203
234
392
251
354
198
306
283
212
271
363
391
198
370
203
282
273
262
263
306
298
201
268
368
193
365
196
336
264
270
296
366
207
263
361
208
288
214
296
267
298
282
303
247
318
207
498
318
301
353
319
349
491
203
211
197
367
309
197
252
450
201
213
295
287
214
362
211
353
353
292
316
407
496
793
200
670
354
197
307
277
328
207
680
192
286
285
381
301
368
363
409
370
377
361
389
352
319
410
672
318
377
313
429
475
331
516
843
298
288
341
206
209
284
257
260
408
190
378
202
292
297
294
364
308
344
324
402
335
346
639
281
335
287
277
191
278
200
285
201
292
270
273
316
287
204
194
297
310
299
362
360
365
350
363
212
449
263
358
369
310
425
691
319
389
390
881
290
288
213
268
307
210
343
314
287
265
203
363
247
401
210
370
202
370
359
203
250
359
200
304
267
301
308
285
360
373
368
353
364
307
215
454
323
279
616
306
325
433
925
373
202
213
205
198
286
325
347
212
204
203
276
266
281
311
207
211
194
280
209
205
286
304
197
256
292
206
303
277
203
287
292
277
275
309
264
369
192
375
267
278
214
275
307
288
211
207
375
296
206
461
291
278
348
195
204
203
207
272
294
269
275
266
307
278
198
250
299
213
259
377
318
286
329
210
812
297
258
377
198
206
282
285
309
200
217
209
359
261
446
196
207
301
208
255
300
207
397
303
381
290
410
355
321
351
351
308
1228
196
281
211
201
291
302
202
294
195
197
397
200
214
205
355
216
291
403
276
390
274
347
293
347
352
253
266
312
324
207
458
377
480
596
378
313
479
405
668
203
396
381
384
552
298
464
342
297
360
641
206
279
205
286
297
207
274
300
199
352
215
287
310
298
289
354
319
209
347
254
295
384
316
397
445
287
393
380
430
304
535
305
460
450
205
599
359
202
381
364
290
356
203
376
249
273
390
203
304
208
243
446
309
205
317
453
385
731
299
205
347
310
212
219
418
253
353
257
304
197
196
291
363
201
313
311
265
369
306
291
351
415
406
632
241
454
244
285
283
291
207
287
202
362
303
379
207
355
311
359
299
411
291
297
309
396
307
633
201
301
303
258
267
270
214
369
206
251
479
194
219
380
204
255
201
308
203
208
255
309
207
611
209
282
384
359
206
521
283
289
201
245
372
300
204
353
212
250
367
206
305
264
384
207
252
309
380
274
311
359
269
345
364
299
299
524
205
197
720
203
375
384
212
362
262
385
253
372
293
367
260
315
302
317
319
396
807
202
250
287
285
203
202
349
278
316
294
284
188
332
307
387
198
374
311
385
360
561
335
759
271
300
248
241
368
297
369
268
309
196
290
298
550
317
191
308
192
653
295
292
216
363
305
263
306
381
202
378
273
388
392
305
366
401
419
599
783
212
310
208
595
364
285
298
307
261
291
264
394
208
675
294
323
359
233
387
356
198
481
391
440
362
571
368
735
203
198
244
299
306
258
257
356
279
365
201
783
207
377
198
196
296
281
204
364
212
247
389
287
198
301
351
318
296
195
511
203
289
306
307
213
738
276
207
275
208
294
284
287
271
203
261
201
297
203
360
283
204
382
270
291
365
296
194
337
214
296
298
294
213
203
345
363
256
362
308
221
341
354
249
365
203
307
282
432
252
208
454
199
209
855
412
284
215
303
260
256
371
345
264
275
300
366
206
200
315
307
199
427
364
209
487
208
373
243
364
258
284
208
208
199
206
212
309
351
199
427
249
318
194
248
300
295
203
331
193
250
291
210
267
274
297
295
195
305
193
246
295
208
200
198
290
346
306
276
202
277
385
191
260
286
205
300
384
206
373
206
319
312
415
624
443
461
943
273
276
199
362
204
262
282
314
209
246
392
272
267
297
352
364
201
554
300
204
235
285
306
362
197
254
363
211
379
365
194
336
388
210
205
349
275
200
320
203
644
209
217
292
405
372
206
517
215
432
316
426
303
282
244
388
203
241
381
305
207
344
252
322
275
315
305
394
369
303
594
350
214
354
210
296
323
478
354
339
495
375
294
204
313
382
389
214
748
302
280
299
207
205
353
244
296
255
315
212
265
250
379
303
278
290
296
205
354
201
330
322
281
302
524
264
378
383
317
308
745
210
249
303
278
204
310
288
290
372
196
203
503
295
393
305
339
488
209
956
203
275
305
201
204
201
294
209
267
211
199
281
304
203
302
274
293
265
199
281
335
224
410
399
496
437
403
428
306
518
302
349
460
370
314
396
316
879
262
405
283
205
394
200
386
264
394
401
364
435
371
427
292
388
368
268
943
373
304
276
249
215
275
359
200
319
205
276
319
455
258
410
324
201
284
254
384
206
401
205
308
447
277
446
303
260
257
296
286
203
453
299
292
282
253
214
209
357
359
211
739
203
285
289
200
292
199
302
311
208
262
315
296
256
208
336
200
289
293
205
468
378
391
763
206
306
271
247
505
255
388
218
267
223
322
274
756
208
345
254
303
264
395
304
251
300
362
222
346
315
308
799
389
201
276
288
206
201
318
300
205
438
396
310
444
688
457
308
472
492
566
662
306
386
297
356
293
353
311
353
347
197
577
301
289
281
206
266
323
270
365
282
304
345
305
201
308
264
348
475
208
206
566
311
312
262
471
248
362
186
386
211
281
373
295
212
250
487
205
360
204
340
372
202
210
314
292
295
363
316
312
308
794
283
274
380
272
200
287
202
264
215
260
283
201
286
212
206
278
264
294
255
391
209
269
368
283
201
202
211
470
206
373
368
377
213
728
304
256
284
216
358
371
321
321
819
455
298
204
362
259
353
270
280
202
368
319
204
300
384
324
346
579
206
196
301
389
378
306
400
300
559
483
279
287
321
214
436
262
972
287
282
309
201
281
307
278
363
271
309
301
466
455
447
208
819
266
282
205
361
201
304
199
357
285
310
264
304
364
199
314
192
306
355
283
514
205
437
208
726
199
205
298
197
304
286
360
303
199
206
338
203
283
782
203
297
194
203
205
304
311
209
206
285
200
263
362
282
210
253
203
202
298
259
295
365
260
287
197
422
316
216
200
404
357
245
370
649
296
405
193
360
206
205
388
195
198
473
314
359
451
257
317
285
645
285
208
266
313
203
368
282
257
410
287
207
568
265
373
279
257
319
299
251
284
344
207
279
411
374
202
306
525
349
366
305
252
555
356
198
307
199
365
294
197
294
372
282
262
369
304
199
354
249
273
312
203
342
391
202
197
359
207
274
249
351
300
208
205
202
383
254
397
214
193
287
386
307
212
359
404
215
444
258
318
441
440
281
379
367
253
385
284
244
466
369
204
303
463
370
825
243
356
307
388
386
361
289
346
206
412
362
366
381
376
277
248
295
346
295
294
360
211
386
297
375
357
242
414
201
301
348
404
375
654
355
207
286
479
292
198
274
302
215
259
201
310
201
290
261
197
387
297
259
219
781
292
206
270
300
208
210
197
304
199
199
204
292
290
288
272
204
313
206
202
309
198
353
211
329
400
377
205
649
303
309
255
374
309
217
383
361
207
819
200
297
286
202
370
281
266
289
311
300
373
384
465
337
740
276
196
290
378
263
206
344
381
202
316
296
344
365
376
209
394
347
372
202
207
445
391
307
689
380
205
763
207
366
326
374
354
267
457
200
705
206
207
205
269
208
357
193
320
303
304
277
200
379
303
410
312
412
473
756
251
291
300
298
292
208
273
288
201
308
207
261
648
305
297
205
357
254
259
205
293
298
207
205
276
208
284
270
292
206
251
351
206
263
292
201
284
263
288
267
311
201
202
212
301
203
300
207
205
342
366
291
217
259
266
306
297
212
294
387
206
568
309
203
467
298
300
299
300
302
205
471
312
356
449
388
727
309
206
299
385
308
258
312
321
372
470
663
314
380
245
323
309
382
303
306
542
255
304
341
319
265
730
208
265
214
269
302
370
197
250
317
205
274
346
285
207
468
199
285
454
201
294
196
362
718
270
201
294
207
274
346
291
306
301
281
301
206
207
312
216
350
212
357
260
484
263
266
261
294
292
205
315
317
205
306
365
351
467
407
687
260
935
266
209
247
371
267
300
194
186
208
281
205
197
276
281
307
275
210
201
273
195
295
207
274
306
269
205
302
278
258
318
206
416
380
360
1021
318
197
206
346
356
212
348
257
215
290
308
303
212
372
322
470
492
429
921
207
408
480
445
343
413
279
596
270
395
378
281
583
198
297
360
386
207
457
378
446
459
451
376
348
400
314
503
397
992
293
347
207
310
356
286
308
220
479
248
219
257
457
258
278
270
201
351
376
204
276
205
205
456
197
348
218
209
304
276
338
266
385
201
306
206
245
291
257
300
218
209
445
201
393
408
447
339
461
275
745
199
310
266
257
306
219
455
198
920
219
206
353
266
377
198
199
395
284
459
308
467
442
516
841
291
374
374
421
322
563
672
303
381
322
370
444
475
312
434
681
386
211
629
385
373
437
414
266
696
355
360
310
363
211
774
207
340
296
344
280
207
456
273
297
476
392
393
437
462
362
311
441
406
406
224
961
261
299
298
362
303
241
499
295
374
284
249
255
387
356
197
208
261
373
290
206
301
208
261
323
218
201
363
253
294
349
212
310
369
388
214
350
314
344
748
313
203
461
307
247
286
283
360
285
280
289
268
215
396
198
367
199
212
289
472
364
247
742
206
351
207
246
194
353
205
292
208
258
208
308
200
356
254
427
201
404
347
388
308
731
282
291
206
203
451
303
286
251
292
364
200
256
381
209
397
210
347
204
476
208
386
364
354
313
347
295
381
449
300
344
259
881
278
288
201
302
195
281
206
302
210
277
285
206
363
260
258
292
205
367
317
268
303
319
206
748
200
383
278
365
311
380
201
350
205
364
434
306
317
203
416
472
459
527
369
299
582
307
406
323
458
350
568
362
321
385
293
200
301
314
263
373
286
419
370
324
352
654
310
217
378
212
211
346
327
209
457
335
479
841
205
294
300
252
470
200
302
250
468
212
302
384
197
918
203
249
318
258
201
297
279
271
282
316
273
207
