
25	0.5234260914355204	1.0656556698679924	1.0185722998116424
26	0.5337084742602463	0.979367292772692	0.7820655398883344
38	0.612527998048678	0.9372863884721148	0.714154632888007
16	0.3993366502754457	1.0982191544026136	1.3082177544194593
38	0.6805862512193661	1.6221159210330562	3.9674707514050005
21	0.521299266818064	1.0252354719809122	1.024926195611131
26	0.5179057231869674	0.7923203411583717	0.673275426716539
41	0.5432929787993042	0.8167507373727858	0.3675613071803068
31	0.6253414799669106	0.9019751836125168	0.48737567138917554
53	0.47171869874398126	0.49933338841809977	0.1159533272972353
46	0.6865662828469082	0.8523003559397615	0.9954340023417722
34	0.7154910086043236	0.7094088447389796	0.26514383591124224
16	0.374190729658465	0.731090635235887	1.2958436942406024
27	0.6519737044902123	0.5987940743841507	0.22305022070055947
19	0.34687699718195525	0.4656840947113539	0.10544565504638251
42	0.6422949167704292	0.7374995750197697	0.37847999823425416
45	0.7453993309787338	0.6662043953935305	0.4709989498597742
58	0.7732333756600166	0.7196822365713788	1.850602035302166
37	0.7018824187167835	0.7964746980751688	0.5831777435240721
29	0.5639411668645596	0.9654255497172989	0.5351217732628977
21	0.3460288456426174	1.0423944956135183	0.5683241867155625
31	0.6938138783240928	0.7192863352116077	0.35379174928783524
24	0.41077445670033913	1.2703154456491272	1.31741540731871
27	0.6716985219807834	1.3307092785145398	4.012160251815136
63	0.5290415159417868	0.8871451725089361	0.44362186625108896
78	0.7542974345840249	1.0369820733769581	0.7533262806389647
40	0.5726842228586752	0.5907661864534021	0.26984720601318024
38	0.5977252764307298	0.5205239202140978	0.158017106645254
13	0.4013288937510154	0.5019429632677481	0.1274825525044823
69	0.7396801502508027	0.5671038350927226	0.1475163825561315
29	0.5996663235641032	0.420502042076711	0.09123472555917377
24	0.5890798090937684	0.6657316481384138	0.2861013392604972
33	0.591196495093076	0.4718595862557942	0.12064860769009117
39	0.594347914053689	0.5602279859953202	0.25617852449685785
83	0.8499316193091624	0.4637123726880604	0.5244798532509543
56	0.6894965322739595	0.4853977912903896	0.2653081288536613
24	0.4363240506549746	0.616205483675003	0.5518109516660732
34	0.5225947866455755	0.532404742861057	0.1441625518798692
39	0.6840378337406678	0.47317667735310703	0.2022832844213506
39	0.5101171012870146	0.4551240464624686	0.3898451010820743
38	0.474879263727962	0.4134211800012149	0.3265445722547899
37	0.4504902723927348	0.6552156011599142	0.8957479827261957
32	0.5566603855286015	0.5344778175931424	0.16404816840151085
41	0.6420538751064284	0.47420010747524294	0.4399548479786591
46	0.7508814897224709	0.4979630875522676	0.27403620466080164
23	0.5035945791239079	0.4741835611993852	0.10940365808931136
31	0.3967607432324179	0.5515830834666567	0.6779253828426103
41	0.6265543780425659	0.5135349261506301	0.20843882318567544
61	0.7250837702842547	0.5498581068804029	0.2129366121702731
39	0.581774986281111	0.6643359783368233	0.4647888842848248
37	0.5929942563883763	0.4886412354739937	0.3022733207052594
26	0.5292047430842398	0.5177505426108837	0.19479205231751381
37	0.626224138393739	0.486777650595114	0.41131296448768584
47	0.6856174310708526	0.5366649784821462	0.252113394179875
29	0.6226585486719133	0.6267133592146223	0.5543010692618165
61	0.5066541135257688	0.2829206763217073	0.7430107745657966
37	0.5686691028149673	0.6404713634527415	0.22130274026927338
39	0.5537716192319571	0.39232181996489185	0.36413919644908477
29	0.5758015914171815	0.5280695389313944	0.15423530837602495
59	0.7287991868880537	0.48753980591388074	0.462805997559628
59	0.6268936798108453	0.4373722864962104	0.1612333862025746
28	0.575880892068558	0.611816286308957	0.3528713433811322
98	0.8590111553741963	0.32699699054367615	0.6165321782188105
39	0.540540069364141	0.60337606492715	0.28320023580265047
49	0.6584690377905946	0.4272416023423477	0.14379246498254908
26	0.4917941422448633	0.9042331577780155	0.6579046829974013
20	0.33503956951092534	0.579065230395645	0.30931355449714587
36	0.6215474098619729	0.5809479007988961	0.29625787823348065
32	0.5775324807552107	0.5130216430407017	0.2581845549163988
42	0.6427053448219607	0.37581017305187525	0.32439448028476453
19	0.4573414331682373	0.48874233114091975	0.9253361572607121
16	0.35583556414901857	0.6944452814932447	1.2491028761791092
37	0.5506291506587662	0.4663008742940587	0.20848226855370938
57	0.7397841318349438	0.4048627414495537	0.17739314030715617
39	0.5712489043023236	0.5055358194065496	0.32624496997657065
51	0.6508948164958765	0.36344434672455284	0.14248228079029443
24	0.4413776118431702	0.47198947456975776	0.2685669463783233
31	0.36719177405676684	0.32124734826145634	1.1374233507368554
21	0.4618447356543478	0.508058698659408	0.1995156450054982
27	0.49756181907985336	0.39422509391550664	0.09143870020070667
41	0.6362586357376132	0.4443316461274219	0.10593854594682005
33	0.5701492939811958	0.45707409264463367	0.22386109105029056
72	0.6553170236962446	0.33453900282943827	0.15847086168200328
33	0.4976398242289437	0.3070218548404448	0.3572307227046563
24	0.35962772602079895	0.4369314033295571	0.3619997547422457
51	0.6329532606311064	0.42437122463632154	0.38909685922876347
40	0.6471901322732941	0.30235651234397665	0.2773452400459463
38	0.5586291449202779	0.3739984807570612	0.1263134332708231
69	0.7537761272047621	0.35012293315452075	0.3816641761079972
43	0.4611680174291637	0.6062272756555399	0.8312885984081896
56	0.6944069210971532	0.4409342253181551	0.12422880737422139
54	0.5345779407633034	0.2748029302337845	0.609675912609305
36	0.5425341144027791	0.6916338563314639	0.3521191567755746
85	0.6793096212663154	0.4721340739989982	0.2907667194237485
68	0.6666681845323517	0.3127425804884885	0.0783138135895156
35	0.6369000896846146	0.4645399794381644	0.12077946373664399
27	0.4394833218584411	0.3315936726069561	0.5590774719582489
69	0.7268431822315768	0.6501412097688603	0.20770325737904033
19	0.37596043652851485	0.5658324354720351	0.27035112569642233
101	0.8527586761362028	0.31654802087399336	0.08016165907585956
42	0.38725171885093784	0.3805632398663355	0.4319267303084099
24	0.38212597774769713	0.4775904730583231	0.08397682560178961
36	0.4800873133355598	0.2763146814217584	0.08675991570305147
61	0.8183105549484085	0.5016844950494219	2.1469200322151525
34	0.3354733932543368	0.9684332161046126	0.6606582170492326
57	0.8054431841816299	0.5511203003687817	0.9868828293265484
38	0.7519436446761405	0.7773555004172713	2.3498275599530998
64	0.8018411450449908	0.548744644929684	0.20564198202664713
33	0.6820068231314167	0.23159246598229263	0.15483810811110277
42	0.7338096560314271	0.2738421032471316	0.10169299078406221
34	0.5133927709883424	0.3854821582653505	0.23599214812292418
59	0.7010393487995047	0.2687889927272069	2.8272344564706966
37	0.7263851471050952	1.7977180484732664	1.9451093211347648
34	0.7646864605681474	0.4625861668438815	2.4408822961343004
29	0.729104646061157	0.6927373589112841	0.621705194480665
19	0.5679900717985615	0.72293041136704	1.76409258479961
20	0.5295860215974554	0.564362999657169	0.23687924523238024
20	0.5755202125897105	0.4792964603751898	0.49432290441033155
22	0.5959369842422131	0.5428168484094468	0.29523211609224664
67	0.5406244741460237	0.13291516632481076	0.044394284007363415
40	0.7636755428343498	0.3047954201698303	0.9182993272080513
39	0.7840508871268521	0.35577718111184925	0.314936341483651
28	0.7071731310504428	0.4923688615173368	1.4206674335527776
42	0.7013874152652273	0.09560340719430574	0.13264971874243514
25	0.5639056083161786	0.5653519058227539	0.48685089481081123
26	0.4856808936489557	0.36077817694212383	0.19283202636797864
31	0.6380785101311708	0.587189299925681	0.22222134352042744
18	0.36253224313021404	0.34763625564260614	0.2654853230377313
25	0.5948080479792007	0.5985599683225155	0.35602883513489586
21	0.5028823834896418	0.5101098056350436	0.2444860375463952
19	0.47461032316750296	0.4574618919899589	0.36656973600388787
39	0.7181775860562128	0.0985954270040682	0.4185484003163145
28	0.6041760223447661	0.4099167586537078	0.10357630849932896
21	0.5332918854455988	0.6397004680087169	0.4280985816288891
26	0.7008716175933388	0.34586810471955687	0.1904788143625244
21	0.6773442965895583	0.212891256015393	0.3436398390235773
19	0.544094556482131	0.28800200670957565	0.5430799868982749
18	0.3707501738187105	0.2480753142800596	0.0974318083882716
31	0.42875218094412426	0.6420273700308415	0.4271586587554911
43	0.6771424683206199	0.4490397019138516	0.12613665776406835
21	0.5992913975654053	0.43807426415428163	0.37192613426684257
29	0.5929795731681093	0.3711689511346149	0.11068067255593037
40	0.7575482436050883	0.2977263947017491	0.17963135026416
37	0.41144592300340116	0.25086542755063324	0.4784732324594982
63	0.5535834539131461	0.3417100998913012	0.2678149178366205
26	0.7079848971235487	0.3800150082231714	0.2297903869947008
33	0.7709731144117883	0.2683652647460941	0.15105762314036872
22	0.6111787103277623	0.5114715024617247	0.36591187007233544
25	0.627511590909643	0.356489301584661	0.3261128049586155
22	0.5409173603638254	0.6563766917044466	0.24060010627275427
40	0.7579641323636631	0.2882363418873865	0.13593732208313022
22	0.6423217816359543	0.4023176252376288	0.3731214242258511
38	0.45142323966193026	0.4520383313126666	0.16535752818817456
44	0.6531487762675767	0.4128965873652222	0.14136499420009166
26	0.6274114192621378	0.4229333740659058	0.5048019891941755
56	0.5462652020395447	0.3223457420244813	0.22269256629206632
35	0.7827063527130674	0.3130007569811174	0.10135798878303964
27	0.703898029154905	0.4420398882486754	0.9227619056414939
43	0.6565950015652892	0.4873735315686222	0.14537100127040747
29	0.7203688988540243	0.31370312216338414	0.36952156592390606
32	0.7097370475534538	0.465533338021487	0.2358462258958073
90	0.7742982580611223	0.307023615750869	0.0907241919713027
28	0.43637580019969385	0.5187950102346284	0.28815943607831546
36	0.5814123281663347	0.3642204116784645	0.2883221075511943
36	0.7305473517090165	0.6041625356819067	4.168417518325118
24	0.6321235965346452	0.9582019738542537	5.583197287689624
37	0.759007882096277	0.4883078155107796	2.2563523191744297
35	0.5222045840591303	0.5847432497888804	1.0087823520240495
26	0.5179353364782124	0.38536915154411244	0.34765989192323093
29	0.5985161321804423	0.27586679597353114	0.13620121117076006
36	0.5718554280432427	0.43285688739787376	0.1556510341552049
25	0.6741521484809418	0.3990912497788668	0.2018233412015003
22	0.4039962191658859	0.5177367904477499	0.23497102245568502
36	0.558581276353033	0.4078340177527732	0.14579906434148676
28	0.5927060996629537	0.6548957549966872	0.24346880329712395
31	0.776181158489439	0.299305576951273	0.31914685562510775
32	0.7876342622289537	0.27429028874030337	0.14473578382226548
47	0.6865552976177289	0.5827788403059574	0.3804726865389742
46	0.5088860913380845	0.28822123969945573	0.47354373977755415
29	0.461663984193495	0.40916603585255557	0.12235500045234488
57	0.7479689098107948	0.4734376406199054	0.11004267647742744
16	0.4065421694332183	0.4224340043729171	0.39895320213036467
40	0.7837631471719649	0.28807762677315624	0.3626700702757324
54	0.643521308905818	0.34818946777118576	0.10942823121584683
28	0.6124685140687581	0.30959148131036535	0.26422037736736537
37	0.656447436600098	0.454248422826011	0.3567338102032893
49	0.6649442617517674	0.4569744729836072	0.15240256456430842
51	0.776554592366851	0.5359904882224167	0.548112902685175
36	0.7082774486321468	0.2320543037623995	1.2920968540775783
39	0.6841204729279811	0.5080263693190108	0.14267597604717416
56	0.7107158153884013	0.16744067134901083	0.17808618445894403
35	0.5824932917148765	0.48426818145172934	0.22050214371712962
64	0.6225967583218804	0.10192721424149909	0.06717907577738141
41	0.460931007662446	0.2864501453118353	0.08985789860973731
65	0.8114976613769439	0.5586202453248776	0.6200583271919483
35	0.5565910629324201	0.39037386285407205	0.11414121395685507
85	0.7411804015439087	0.2956225034267203	0.09828667924187103
63	0.6447742803969714	0.37606790589375627	0.09615419975724991
50	0.526440272670585	0.29604333410505207	1.7792331950970957
69	0.6546185138423853	0.23591667217998832	0.06911402615667699
137	0.7471674650508527	0.2342693248241511	0.051265601846673545
46	0.5087990267511069	0.5554741501565212	0.41703597685941957
72	0.8010208298017746	0.45090567047655994	1.3451773057092782
45	0.6806377333888999	0.5497876755065388	0.31793893836442383
45	0.5319332575099547	0.45299884700733756	0.47537161470361267
37	0.7098539592143845	0.6405714758722162	0.7342540861291881
70	0.7390789333529431	0.26945534098028606	0.18503003971245535
69	0.6808464499804944	0.31948897636671	0.07631332578048808
42	0.344570120618127	0.3613872793281362	0.6472045274729752
39	0.6455845600084247	0.5494954093741492	0.18653332948672524
62	0.4569443161233891	0.22680246926733338	0.19965992543288674
85	0.7959874493361333	0.2899294656372684	0.7060862873530029
89	0.6234293399138894	0.3251322714004959	0.25438725872681445
81	0.7259201391428625	0.3697796145211158	0.24919848107572676
75	0.6567658707772233	0.20237373451081414	0.06209425037428735
264	0.6716365868972253	0.12129231207296526	0.020124394929422026
251	0.8494066737264073	0.11351509836945714	0.03316849713953734
82	0.49242948839219275	0.1758074014747186	0.048466320193234914
71	0.5647855397701549	0.16667125230650154	0.3200106780053143
80	0.6958643130977892	0.2099733479655697	0.06462088791363621
68	0.5371472521390994	0.15940747095908805	0.27197152471959296
85	0.6497646029695682	0.24053121294675614	0.06478085935119594
34	0.421501537740778	0.234659424298169	0.530524356818897
47	0.4632793231232442	0.22316798771870264	0.09756772239256549
76	0.4006161601625923	0.1673370859957925	0.02584940979945034
84	0.6784065320998695	0.29175901540015947	0.14069599855905807
92	0.49159896753415605	0.13206051539853672	0.017641345080551287
82	0.6124027973374331	0.1284986172285266	0.34250482531759113
78	0.7328986655924593	0.2535968493723955	0.07199280633675002
82	0.543019246333304	0.13016635079288902	0.031130224616283887
121	0.7184139728434582	0.16382912936195163	0.3968020988556759
187	0.6667396899958934	0.10373702040767013	0.015095703451752276
177	0.5203567719633876	0.07677376567967181	0.011669215291638646
145	0.630176455609388	0.08859960419566301	0.018076452064986502
119	0.8283769398205597	0.09881489973626796	0.015319084503102147
244	0.9002025777451752	0.08846502052321858	0.012431722400117194
590	0.7635478841204845	0.07517310837366278	0.01340399354296982
415	0.7747907997256607	0.07358276569404432	0.013561575977073878
497	0.8098966669374287	0.12577063561920804	0.022890390441525264
653	0.8584074387352633	0.08333447143941822	0.014740370443101135
999	0.9730220976262919	0.03244394557247676	0.002297431056461021
874	0.9488988309547517	0.01943277166591682	0.0014381121648337394
520	0.9097431377409234	0.03155128224243176	0.00197369446948658
999	0.9612035508951556	0.041808372638410515	0.003518536354195649
146	0.7463251057399225	0.1408269699832962	0.039691666663158175
78	0.6568765630371164	0.3910190440702107	1.094049942721998
391	0.8630111362768891	0.1779155602459516	0.0665091749983652
154	0.7683802323685158	0.13454836227873632	0.050541557527528265
156	0.6400863284579184	0.10226795119137641	0.028784905827070918
214	0.814278355019367	0.0889975052786697	0.017091926488543772
132	0.6753348968813169	0.086166335240357	0.026224616460424423
181	0.7810233523172742	0.09036501072564558	0.024261009059205602
999	0.9901318485704114	0.03613247088923799	0.0032621909119941507
999	0.9955617697563939	0.012511733829633222	0.0009139586518021706
533	0.906166000750814	0.053730210817666255	0.00961874987367847
372	0.7537038670558973	0.04508569741062001	0.00929643066214797
356	0.9191991043926915	0.034933382949922424	0.008013717423106715
940	0.9523610636650833	0.01054228219715619	0.001831725189340825
268	0.8437429974664167	0.03683030996263138	0.0032991999711065294
183	0.7149232195509814	0.06915037697339248	0.008923414819908205
247	0.809640227460153	0.03820802126922159	0.0036673809547805307
610	0.841427278228022	0.016255965554919906	0.0015375140850829227
662	0.9329476727957183	0.012187138487191829	0.0005536722029003686
780	0.9120834870949545	0.015367714893848654	0.004113728962778874
617	0.9260030600438579	0.02879193586121907	0.003358210285433259
426	0.9135908695148346	0.04865268810325621	0.0071867283316278474
31	0.6468315613357198	0.0184757660415251	0.6360807573475509
668	0.9533807069947702	0.05080576451165861	0.01720514466572073
68	0.6521794709256171	0.05384837750792779	0.32696340511110666
999	0.9829898024456891	0.03930388272231715	0.007197856882258848
999	0.9858964178894021	0.029734521717566006	0.004509348626632735
995	0.9606977095546778	0.01609564291864522	0.0008081029827621415
581	0.9542250229911456	0.02147134456230789	0.0020765073082801774
465	0.9251966966563628	0.04354155545774726	0.006153184970808716
71	0.7851962548352965	0.1358008046727648	0.09085651660739828
28	0.6818864928408839	0.06603277652357065	0.16464358437388146
91	0.6935863732400783	0.1772936269353431	0.14694072285373516
257	0.8609262417141024	0.13129945699497228	0.5512551428736429
437	0.9515119748489527	0.24203229361673678	0.206506361648346
46	0.788404274297359	0.20845834187576143	0.15177281572307808
56	0.7160002445461197	0.08395414401520286	0.10377760618893585
47	0.6749029709593432	0.04596292577321521	0.09286826345280956
32	0.6034697074836671	0.10269151840169144	2.030197669075397
39	0.5537065128409441	0.1230089053434569	0.1099744371593501
73	0.6185463052099727	0.10467505310763	0.28808669837628637
92	0.5142306870127176	0.03143345961420341	0.1190727748659075
334	0.782286565803812	0.2166332594648352	0.11327378326247413
264	0.7795327726476682	0.09341341865328187	0.022236985474757352
277	0.8656764437301492	0.06171364391206442	0.02186716739963745
999	0.9414510754249834	0.09070403138742097	0.016871730976822253
379	0.8455073883505483	0.07946626346614064	0.014238645769179714
330	0.885169462850913	0.0769644611636053	0.013957981769803238
311	0.8919256289679651	0.1345731213528367	0.03395165665069641
324	0.785954553533877	0.0904192779173154	0.03057500463071697
317	0.8139488951289446	0.0717602098034898	0.020181119299058612
789	0.9489030297676597	0.06568328109874146	0.016095818360085168
350	0.8548485609008059	0.04956133994735677	0.01703035452237904
458	0.8528712892783352	0.10192563264497906	0.03120020930353413
999	0.9739433366767933	0.0847953728542733	0.01803671981053947
999	0.9844108464860457	0.08204635986606575	0.014771702463195042
999	0.9865939019581211	0.05900057106365595	0.006097552008323073
999	0.982214861828674	0.04936377303538329	0.0044166116822680354
999	0.9413985055826816	0.057638531657087606	0.008442586721955464
747	0.9456252318165028	0.026597088696592806	0.0019083141524641931
119	0.753765052266112	0.04267860771237066	0.004261526536995031
148	0.809406209908679	0.04339619743509379	0.004911840533217873
100	0.720015297015544	0.06994603910938167	0.02603539470031173
77	0.6624748039544743	0.10435227659688175	0.01563906122946707
64	0.5804396243067319	0.10979685570146103	0.027720871980837142
79	0.6881354670098622	0.060130353638485276	0.004783700997072689
80	0.6951264373348209	0.05358077653072542	0.003586805762159746
256	0.852510645571894	0.043038285489501504	0.003932779322628523
94	0.7258301960669455	0.11644590339478492	0.0346927685689212
119	0.6318951572490864	0.04127953303285714	0.0053119088795343826
127	0.6555481446118873	0.07302003439690452	0.013513804222195499
73	0.6045896077505132	0.32525864959162604	0.42267310658816964
157	0.8309516394537143	0.13755821051916914	0.04185041051277116
82	0.7011935866597236	0.2567073563592957	0.15768588071634212
90	0.7262552326550864	0.1467186570699495	0.06635418529389886
101	0.7100588801200267	0.10922109298632794	0.4891163593180034
79	0.6915273014864292	0.12503220010003593	0.023711044816431368
67	0.614781185205289	0.18006778757935807	0.21983335633274984
110	0.7446365320190632	0.23027085347566753	0.18473255085997425
57	0.6062121794244594	0.1682911295884926	0.04360798166295625
92	0.7081819751894814	0.15766826461375508	0.2163988824159029
81	0.6300939219396203	0.13016101818770331	0.13515623229023987
61	0.6207537669304916	0.15345143973703312	0.09366975500859849
61	0.5479396725613138	0.07360062350091509	0.27048512684652687
64	0.5983416706839135	0.14935676455706925	0.17996666180938165
58	0.6071138039894701	0.2008455442211361	0.19240208701621014
71	0.6782311770395187	0.1501925294512955	0.1880704690231117
37	0.410845316073521	0.08288267713568702	0.030171585736079774
60	0.6487825649935479	0.1302726210958402	0.06121611576341478
70	0.6687176569943147	0.10701630610773073	0.06716273615049824
67	0.6764158887622889	0.08066220972652255	0.0433026863880879
62	0.6180959148813215	0.11782187010178477	0.3777520174296415
84	0.6958686161767099	0.10993639196613003	0.15870784073311783
47	0.5659105534375413	0.09679750520537825	0.03002605950088459
44	0.5020622058927751	0.2081619794700435	0.9047451542876618
109	0.791618392816358	0.10490160099889681	0.054193632324950364
99	0.7701419254732904	0.06234244751388847	0.02554456438650266
77	0.7033674630509084	0.14461308816246016	0.11312023775250973
127	0.8174896122541903	0.10705965206436777	0.05016368819509839
51	0.609441205075974	0.1035882157145762	0.03542300982920165
41	0.440534696705089	0.08682051032253472	0.10905744018658804
62	0.6149531565670076	0.16948058787449788	0.5859009589810226
60	0.6414349383359742	0.1001379253245735	0.015701153106470356
56	0.535880308115152	0.418689469193071	0.1965341995164018
75	0.7132127300262312	0.10979806646704673	0.03884940958210534
49	0.6208848076117687	0.12722558867790212	0.030203139048439947
60	0.5886148334059278	0.12350987725270292	0.34342012223596835
62	0.6189624833400249	0.15168691365491418	0.1625315661828587
86	0.7395447928421557	0.1147625383468843	0.0614334985260047
109	0.7957595097666605	0.05802531074050004	0.0345834582211029
50	0.5942184575530997	0.0964638353465125	0.05369383315509788
78	0.72272525504771	0.07855381407679464	0.035932157078640316
79	0.72978571768478	0.06155949187335334	0.027352153493041848
135	0.8411241850262858	0.06498696957988377	0.03597550788209689
57	0.6226085575139207	0.08345593893777971	0.03872019951010365
48	0.5782847723559715	0.09625198876407619	0.03357922646223354
49	0.5714796865142064	0.08026035088357962	0.024629897372683437
87	0.7343979465192801	0.10748868030776944	0.17052970753433683
55	0.6204833928757342	0.1413864788334732	0.16705428773936978
56	0.5962037870127411	0.11711824559149266	0.38886963220700765
107	0.7740429519355417	0.12174468240172985	0.1367318970556698
71	0.7053992798006667	0.08769284340084763	0.018430908795611062
49	0.5027282151670338	0.08885924838131712	0.17289764214632847
73	0.7192402792122506	0.11949372052754059	0.04119179764176326
55	0.5874277852891818	0.09289515296589922	0.06033642636798478
101	0.7856511221273884	0.08181179816730748	0.024345394882281116
169	0.8708424362940657	0.0659263599456888	0.02409275999549423
52	0.5409526580663505	0.2669331529356826	0.30951904994554735
90	0.7483029156218997	0.09827333272082292	0.015791944464795846
98	0.7698238762393549	0.07402349614709905	0.033791722614182076
185	0.8800973181537378	0.06478725903590031	0.01764928462358886
33	0.45424605319099143	0.20695673361522937	0.206440503057676
52	0.569327057118628	0.2564602070890312	0.3534368760433475
44	0.5072763355784546	0.0732727535148363	0.04100406737949304
122	0.8140180484958698	0.08672626194490222	0.06548635058720746
42	0.5245635295050493	0.22615155704884923	0.27568115657596626
94	0.7362969184612057	0.09072023517333908	0.07916084699883229
41	0.4936184622696252	0.07975571141895027	0.026172073930465233
71	0.6791738554709464	0.15254814254733223	0.12043174681916038
64	0.6679948528067695	0.252027046513831	0.1635502981725605
50	0.6233531538674163	0.22772824676241726	0.13690996366622118
75	0.7136205788524576	0.10427748457402534	0.16570582832363384
43	0.5193551367510061	0.2312825611727529	0.11208230744833855
67	0.6787266740241604	0.0939093123856018	0.10627664516775147
123	0.821462191919196	0.10065800762745718	0.04197583157222815
83	0.7456164366248685	0.07659011992523503	0.02603775541877047
42	0.5054445302274553	0.08975610172326144	0.11962828203404466
29	0.32127697668490013	0.1640947114571865	0.17871484416504407
58	0.6235372631824639	0.18762903977918102	0.10402016766229187
43	0.45742496140723343	0.0748263560289647	0.024073755012853252
69	0.6728855803815538	0.14455242131489154	0.028177013114500604
89	0.7599732211055739	0.09757417420597664	0.0799237758027927
39	0.46336127780080844	0.20931970853006276	0.17282133362442595
39	0.4707789801245498	0.14510337064544168	0.09777444702396121
64	0.6731316605047791	0.1258557018445572	0.08948853253945066
48	0.580742164082621	0.25596026921903103	0.10939596271289763
52	0.5810197975799208	0.08665327408156233	0.05386888422145171
58	0.6107165690037525	0.11805827652429358	0.09064608872870643
62	0.6485663824099643	0.09765227016947803	0.021463660148666932
65	0.6706534483865313	0.15661558130388864	0.09166262286124935
56	0.6178986839203306	0.13284555855872376	0.035893149991077254
46	0.5356391559881777	0.09645794548028473	0.07771794998978585
42	0.5520872732548638	0.20166077749204955	0.07573978463122202
90	0.7556089684390642	0.08190955168231287	0.03672053920073368
76	0.6966744558410657	0.06607490370017906	0.01528975219433278
49	0.5300139433282025	0.07182500405564943	0.07230724564384268
84	0.7357032878981732	0.06699046000085218	0.1420216458233002
122	0.8159675306302969	0.08865215705772557	0.02822561087912103
47	0.5245154423048118	0.1472048062751902	0.1663580935098227
38	0.47074253500342705	0.16923373492471383	0.024064111014951897
69	0.6412746178602661	0.10610227566549851	0.057397276942410994
115	0.8086252108714697	0.08030023570918868	0.010485479703449107
73	0.6644959169703534	0.0817394049555918	0.0689724297538616
96	0.737429716005967	0.05801186327031852	0.017033721784052203
36	0.49950676539239613	0.22897193014311293	0.18041157978564618
66	0.6837712208581236	0.14907897542632947	0.15985650874087964
57	0.6625377843192722	0.12476243955704074	0.05454969124382974
61	0.6764967415372881	0.10700972971972078	0.09198320293777121
68	0.6820414461580901	0.09901591011764728	0.07904326950353066
62	0.5780135804748701	0.05014567261171197	0.01573257602909418
32	0.43555031292075147	0.10756314452009974	0.027580098133713482
42	0.5304023850201977	0.06841466919008997	0.1206324859058231
71	0.6927624455499267	0.06897765927879192	0.022504415660018307
78	0.7337253074596841	0.09162629432215069	0.03333968707430088
37	0.44389937605598767	0.09876386161792923	0.19047691610304904
27	0.37456648050950225	0.10776277383599707	0.05276789552871897
133	0.8221734777843082	0.061226240010000765	0.013324004290541458
36	0.4475570612895184	0.11896308247620861	0.16215679846940662
27	0.46649392475928686	0.21806042639245451	0.06765523720912965
42	0.4095666770245331	0.09597405439264894	0.18606814287663168
61	0.5782029067532313	0.055941520469667785	0.013085721675166877
52	0.5212941201173401	0.05782126015401445	0.06279710606359837
72	0.693385735907905	0.06691714423100671	0.023009315615240875
76	0.7225218858425007	0.09393482130345594	0.19416239565439455
85	0.7494244374763279	0.06953541855858501	0.013372886898611722
65	0.6738818848423368	0.06567257769728223	0.09386218872746992
73	0.693775934211305	0.08036793782678751	0.03463750097948388
64	0.6383277751500832	0.09510117844911292	0.027228360115276753
62	0.6984779647755534	0.15277605022363847	0.030331010471378747
65	0.68036714521593	0.05677191877755551	0.10335782351644147
74	0.7292127776978944	0.0784303973223605	0.013453882479374818
105	0.767406262008951	0.06518889102569249	0.05381625268601428
42	0.5736635696527785	0.19351147741655864	0.1165057382140718
97	0.7465263181618669	0.06565730879439573	0.013207425968917257
49	0.5222678683807072	0.18687328124271554	0.12300618591826334
64	0.6381577412226243	0.06449050332093975	0.016742432622796018
33	0.49086245496353653	0.14974216682215533	0.03520458522071694
42	0.585445636602549	0.16068971101638108	0.1344643263335136
108	0.77601847486607	0.06027189104423559	0.05709434785770492
160	0.8400514902667208	0.061802652707547166	0.010169022507713114
35	0.5100118512147855	0.11681513557476657	0.05618210116436406
33	0.5165858462134201	0.12325138804700339	0.08654446182670195
66	0.6965893724479031	0.14328698446325056	0.0884866168931306
45	0.5785381817155348	0.14652909072141887	0.04801153225788784
52	0.6417961689920723	0.0863220623703875	0.029306132414872822
53	0.5484700861078488	0.14072288486904483	0.08704166877698075
30	0.3008845290314531	0.19588216827445043	0.036654622589647946
58	0.6666273489345586	0.1480474948264851	0.026903661614258022
79	0.6674428734784722	0.06128592460484043	0.057598011766936935
52	0.601245581226447	0.1049630098014649	0.06797116509284702
51	0.5911207094571272	0.07695637985278725	0.010269815854968382
93	0.7102649141718494	0.0506173252977029	0.024105273269826987
83	0.6528921590557915	0.032720764218889184	0.006190121431440677
57	0.661349382635206	0.08624864286353011	0.04612030723031477
53	0.5972812580040477	0.07984730894325899	0.029116004869982472
35	0.5545899149636542	0.3078845344151237	0.15362736128762192
42	0.5806932464700856	0.29186696244315025	0.1617504200685542
31	0.4785107032348101	0.14476382409432723	0.037334703706293895
43	0.6287698053411114	0.11843538245316161	0.18765713122065025
54	0.6043984106255904	0.1095138191162227	0.04973432018769987
90	0.7006599685745912	0.04387089480296709	0.007059990117036155
52	0.5918196768889752	0.15647092251667624	0.03508621303644303
62	0.6241297144082123	0.07778080555116533	0.012657757663964594
113	0.7450857297829655	0.039689163139617414	0.01042246177369306
41	0.5405970793793727	0.08869874030039306	0.014978235245207298
53	0.6578107200541604	0.10511706421318692	0.018994739564220223
35	0.4417278620517974	0.06506934563803952	0.13112226755644352
86	0.7273267430708266	0.09692708385003687	0.029000607847198184
55	0.5927280460610395	0.05220409853579688	0.0606054791150917
73	0.6056338488735241	0.029931724674709472	0.008430459373972014
47	0.6109851897346465	0.16696581810692998	0.07987815861010006
33	0.5152698341252632	0.2791658454983862	0.19662979828153238
60	0.6608850281707092	0.06511386602651328	0.023970236554442723
53	0.6104641162353749	0.05337987652263727	0.026582744011648195
39	0.5210608512451782	0.08649794219467694	0.01496655158725015
66	0.6756766405409755	0.06382348698212864	0.02400068068424296
86	0.717116706275295	0.08434496820785192	0.015830170995383676
45	0.5868014383957305	0.13941398328946283	0.04225673994166379
46	0.6142593083887781	0.09381861980174384	0.014977609931831098
34	0.47111849121743804	0.09353867104886483	0.08772994355288394
42	0.6136536102270096	0.15983549612047637	0.02670095725783521
123	0.7035915131317959	0.0404733040650763	0.009305635876664628
185	0.803241865599231	0.04961582161174094	0.01776200405208125
53	0.6330099452408622	0.09446817338889474	0.24651540837155536
99	0.7490716532218374	0.1540666663039692	0.04337155595049601
58	0.6609120317366303	0.07439660888109036	0.018936503417868757
153	0.8219311413556946	0.07701419311941958	0.12390244997484397
60	0.6713915363037721	0.09485960412130226	0.039398715336292627
28	0.4449807086146433	0.17564211054455622	0.05843230006238171
42	0.6008730935137278	0.13498190754935854	0.030937615650686624
31	0.4500850133428607	0.07944359177453143	0.09577285367249949
85	0.73909208026086	0.06457370922469315	0.02905803504669184
173	0.8273495018096774	0.056402917354632806	0.04857962549817249
190	0.832772653574586	0.02966704463579773	0.006888062087999936
87	0.7239910774680813	0.09167090292712915	0.023893544892753204
54	0.6175479057614057	0.07336666271656979	0.013735841652774479
40	0.5181482416533284	0.07462153986780322	0.012492843895414652
35	0.4849293790969507	0.14780402506169463	0.030254549945387264
38	0.503338335384415	0.05822966286397882	0.03365205044028332
37	0.5597111498330541	0.18577869588743606	0.03287236167128695
45	0.5700072550414494	0.05629284351469121	0.1254764288365327
49	0.6189405884047225	0.06610109377889989	0.013448641792243612
100	0.7162233451747112	0.10133035176899284	0.040550607854734466
142	0.7699171002362655	0.05067559362685924	0.029773671491610053
59	0.683176992804231	0.12218206975080262	0.055053456052450676
30	0.47565589784621054	0.18801051497769852	0.11882634351726756
49	0.6081505463592606	0.08223005385869848	0.01749694521735705
47	0.4846247600461342	0.11786859421594505	0.113861726361078
120	0.770644004263398	0.09469960718270158	0.017438649109120498
161	0.7274942842339183	0.04608730400919988	0.017643088951711072
24	0.4193411743373942	0.316160975965128	0.1286365869745545
111	0.7610455177545576	0.12998966715374105	0.06662540379656481
47	0.6234712449346109	0.2669937826363008	0.11262548807235724
49	0.5737207398080577	0.0869365008737968	0.08552178200359647
55	0.6262278071594672	0.06541294412772086	0.015538152918256155
57	0.6033462360573656	0.0644366730038312	0.042062216173848324
95	0.7422097305900626	0.07744549027840165	0.026034845750973853
95	0.7464196211361576	0.06498282754973364	0.014437348093339896
93	0.7196200075122279	0.05706266816325238	0.029685925475325982
48	0.5554084578107757	0.11045765930612106	0.01668805580294794
44	0.5580668628377604	0.08209531021235637	0.031437860512728746
61	0.5917471767507851	0.05827667950614371	0.026290537172729257
147	0.7886188307084083	0.06898888073805347	0.029401817639049255
79	0.7237632318018652	0.10297904329711889	0.017400092148183575
47	0.6009851932402374	0.13905912627802886	0.056138777879454344
122	0.7972828571780258	0.0660410435726202	0.012566125909717191
52	0.5810244509064977	0.09045909235339003	0.028783092780993932
53	0.5537457034944838	0.0658904654001334	0.01596694529442345
112	0.7778633142458566	0.061113574082940304	0.011191831638091121
106	0.760756190378038	0.06623826675690306	0.025403243498739077
47	0.5722502301508646	0.07925001409231744	0.017105211852782503
94	0.7442224176199734	0.049449912859965986	0.02473220271840626
48	0.4667063685712842	0.08633783752763217	0.011953094239826198
78	0.715200208954744	0.06971460164006715	0.006189802443495688
54	0.5702322780274413	0.07732487096951378	0.0281798423308846
182	0.8422947731150016	0.047015035063225866	0.014040735606506306
77	0.6954807980213792	0.035137933349711575	0.018746974364158373
218	0.835464852568786	0.0380473908517828	0.006481515025692056
60	0.629484056781594	0.09069211991251601	0.01661897285758811
44	0.5069676113533059	0.061127796968734896	0.07872174629276052
41	0.5208924026698664	0.13098316233698848	0.02624130752688712
79	0.696486174282754	0.04608792140733604	0.08335304262865921
79	0.6054092716168713	0.0748363326401656	0.031972567670360094
46	0.5286232299261381	0.22451614404006093	0.06358790262952874
81	0.6620769763675179	0.04197248198507612	0.014594809990204979
81	0.6776507678384558	0.06832476035488969	0.01387046488113926
82	0.7066426787520592	0.06970254076476544	0.012894590596222078
75	0.6570447462581229	0.04074689749127477	0.007454489641790891
32	0.4588100523826896	0.09761952895314607	0.030139201312851777
77	0.6834236487126789	0.05630801463754418	0.03520910695064865
99	0.7224439523751153	0.10686971661749395	0.014443265030185453
130	0.734342691543096	0.039994768680438796	0.014192803027381741
77	0.6635036942752799	0.06518615015762383	0.011148642711713576
92	0.6856820011976366	0.030701520341489926	0.018148753242599392
70	0.624534975654591	0.05146880390550775	0.006429987812567238
75	0.643156128087505	0.08453046426856115	0.010429745682573861
72	0.6112098498505906	0.07378793651757103	0.007070582430341022
48	0.4584950263699239	0.06523164258669567	0.016360265541224276
54	0.4652048785576763	0.07023399246180714	0.011915688377338429
79	0.562033237727885	0.04806069463795004	0.05794670482572037
123	0.6936825976565612	0.09345307630848573	0.04380838257872751
118	0.6290874436577207	0.06580384946203023	0.00683524992875495
134	0.8036680906276193	0.0902645895259289	0.03543720367804488
183	0.8371081812669278	0.11017990761924448	0.028588172374303396
180	0.8139198126784848	0.10702703382700444	0.035748907547099765
192	0.7853280442699347	0.07376225393674456	0.11235750355363927
224	0.8019505304751423	0.09173132735369498	0.033700452892886826
94	0.646804891446829	0.0772393920325409	0.02237827752733664
225	0.8151069709399527	0.07310858922454322	0.019684288403424136
219	0.7075479682618221	0.038710370452970815	0.01351003538001715
242	0.7952739032316085	0.0388035074077432	0.013007268222485395
224	0.8148314719199109	0.08054600922735387	0.015490680037018348
248	0.839464365212371	0.09168887385760993	0.017894494272531748
279	0.8587452810078617	0.05233565476973579	0.00920740092748859
309	0.8523380185050968	0.06695438936833509	0.009978945072754812
350	0.8888306775264874	0.056636535770385306	0.007125914051088488
280	0.5415581104577445	0.06574003268239202	0.02918543199548145
142	0.6009552351087533	0.07585664864809011	0.2708624203125412
394	0.798913764102857	0.06847402729036577	0.021571100332442337
349	0.7470256933283866	0.08455612059124946	0.018668785033677623
299	0.8594596927597572	0.10062102524968325	0.047090658324795164
271	0.8484350589602058	0.06009026696753316	0.021506385958037177
218	0.7309908722460734	0.08886172249559848	0.029186522643284432
144	0.7247482329304802	0.12372274589319608	0.04483414484928219
512	0.8749021225574394	0.06495658134647897	0.011291631614223576
290	0.87770333207468	0.05629754429253745	0.007257275070083273
487	0.7948729616642608	0.05237181025138673	0.008936937897990875
185	0.7914936590476688	0.07447720615116948	0.012044589306732488
331	0.8964671463212341	0.053607732086609294	0.007538528466868336
223	0.7066395227602899	0.05551901393900614	0.014631113800714161
211	0.8162327527488864	0.05637614642430877	0.009514876181951645
333	0.7091572156800716	0.03694851987298451	0.00989505734458414
110	0.5234558921803596	0.05980575838982467	0.06960259877866497
289	0.8522380017790152	0.03370753468235232	0.004604175165212471
597	0.9042659023626145	0.04526015487256699	0.007386097236667875
173	0.7984630843934621	0.034298814038244814	0.004264991714057619
674	0.8432270213649189	0.051377027066837465	0.008875159022372795
820	0.9156348636745562	0.03544293085970761	0.003219550039488359
268	0.7465748440546525	0.020260290483806485	0.002982829030956894
647	0.8335130129057655	0.02013350801902208	0.00547024050172197
999	0.9980487209826275	0.015999815546100044	0.0013772227866647663
999	0.9763707813560858	0.01452944410024847	0.0010098227128296443
974	0.9543812596069994	0.01324160894154202	0.0015784551943029365
505	0.8625087211176549	0.029930757670725457	0.0031144187999071664
238	0.7464141917510618	0.029639755923483814	0.0031670669910171313
218	0.7277346050638901	0.029452606463972776	0.0066160614631197165
163	0.6486589479209898	0.025632895904436088	0.0027795049891470892
402	0.8364149487331903	0.03571085119373262	0.004735177473553176
209	0.672965515370077	0.04539514277563608	0.010415847160061652
302	0.7313505110352476	0.03684194751105712	0.004555524860140365
247	0.7104500361854683	0.021702171949711392	0.002440779135330323
254	0.6787694446931811	0.02949063680089355	0.003673277794142821
306	0.6574226742246557	0.019612496054359642	0.0023575861595507295
353	0.7865506794155067	0.015519587424355758	0.0016364270705576563
349	0.75428389129132	0.013890868590312987	0.0014761545395656516
405	0.8392758671779909	0.013478762221972555	0.0009917189926869716
377	0.7301810096231895	0.014198865980529848	0.0016004224302545989
999	0.992902648996555	0.006433406460706015	0.0004376815610126838
999	0.9890253944226118	0.00928525648397735	0.0009367071026134853
999	0.9903515961767615	0.011188057755794921	0.0006871284580869928
999	0.9977893619584424	0.004824992500966796	0.00017472498695662744
999	0.9990251542230927	0.0034318645456844856	6.300270487881389e-05
999	0.9932379274874129	0.008567188989734239	0.0008785025593233577
999	0.9968007650205132	0.005988833160413547	0.0005631865965629264
999	0.999402705259545	0.0028441236063984163	5.6325194565362255e-05
999	0.9990498529970758	0.0036304649518160703	5.2403569006364215e-05
999	0.9992535341120612	0.004962624211352399	5.6816953394365475e-05
619	0.9286607211177461	0.02684531792251494	0.005679633503258036
978	0.9428968779411783	0.019474881031596607	0.0017460692198888496
863	0.9455690237058787	0.013085362280570894	0.0009800214206521513
999	0.9956546923966774	0.009911167996578187	0.0004119098211330592
999	0.9952271661503539	0.00611416263083922	0.00021210499713985396
999	0.9935711764612788	0.014054685884993924	0.0013365846138576152
37	0.5649915578581071	0.020948559315493675	0.18185813020565098
434	0.8591020559790812	0.06068976505772745	0.024241362338461737
444	0.892850768837336	0.03725637801032793	0.005859512167056302
763	0.9340516862161361	0.04200452379832242	0.005032783699549135
999	0.9969795334000913	0.031566406345600706	0.004507902057140838
999	0.9955201350213132	0.010993270645688174	0.0007450717907390257
999	0.997205556894968	0.011737770795778604	0.0006175847225564099
999	0.9994759639959053	0.006079117605031138	0.00014922798393538555
999	0.9847667797611824	0.019112044221208442	0.0014032444050881222
999	0.9920618201011699	0.008035290953427518	0.0005417221437583849
999	0.9980776877112192	0.005825037138149296	0.00019342699511640262
999	0.9997181659745157	0.0029856883498866637	7.106506591053157e-05
999	0.9999897684136168	0.002848528947509208	0.0001707039365957773
999	0.9996005832935425	0.0037876992730583336	5.046168851302107e-05
999	0.9995714544129848	0.002272455057456958	3.759792730693721e-05
999	0.9988591278023233	0.002561964556115207	4.321328121948243e-05
999	0.9965791744525596	0.004362469418202186	0.0003632052633759953
999	0.9730720793828742	0.032693038640589325	0.005531320399805546
999	0.9962297474764056	0.013486334133232787	0.0012297866552654778
999	0.9919520383143584	0.016288158956134644	0.0017544902732579586
999	0.9996479983688036	0.00636692305506376	6.169334542815218e-05
999	0.9967081649053953	0.010305635298589248	0.00047998198388213623
873	0.9530112562141003	0.009568801599232813	0.0007224076269241856
587	0.9606335714237589	0.014915374773109879	0.0012710559071516829
999	0.9951540029016033	0.013540485652253107	0.001934522548598014
999	0.9956954770313015	0.009492770140981351	0.000995416086194606
999	0.9987722917780268	0.0059933889006229205	0.00011424651421276376
999	0.9987063245652595	0.004560075849175936	5.907700657067713e-05
748	0.8903461249544433	0.009637870721152905	0.0014401925216683696
999	0.9995959537893135	0.002272835454488228	2.2189846872292633e-05
999	0.998536346959843	0.002364120431120664	1.97016345002514e-05
999	0.9998301474376949	0.0020791782680980695	9.624130855429741e-06
999	0.9983530565055696	0.003496675602719905	2.9602553808330526e-05
51	0.521070170565916	0.027843811575017696	0.13748366236305903
999	0.9772190160178703	0.06058577728119282	0.017882719596586372
999	0.9929412122642903	0.026288801936278323	0.0045685999055584195
999	0.9929098519517919	0.01200610499924457	0.000735822857786042
999	0.9981728985720525	0.0073443157707267556	0.00017377998920237842
999	0.9826087299776358	0.00933267593426193	0.0009526441744826359
999	0.976087176430955	0.021688364559010166	0.0032897118530950233
363	0.9203698585841559	0.03436635963129347	0.014321701098289941
43	0.5503812085332846	0.09400737765481973	0.21268845566167957
999	0.9948248041841679	0.05729456581292442	0.010940088183889049
999	0.9983689890649288	0.03230950302937386	0.0027942105960453837
999	0.9797049628929118	0.01931952080527568	0.0038418209390288626
999	0.9694533686350002	0.03502121769911883	0.006722508426009626
999	0.9980984897242583	0.020461192980882194	0.0018700156065319829
37	0.606771895723937	0.013693694620284275	0.2158401741319263
999	0.9986570024879236	0.025114508525834058	0.002052523974402579
999	0.9980574494264288	0.00999528942808642	0.00042977755922923253
982	0.9461201725153418	0.009028743187809595	0.0006741262274620073
603	0.9008955489158155	0.011107747870723219	0.0011955656193512185
511	0.8731444535333123	0.01223944964267912	0.0011423269713288018
326	0.7949103801335469	0.01366543622254205	0.00118510371881513
700	0.8348023058337704	0.014490974778881238	0.0023339996772008017
999	0.9955767443161896	0.009585891118847957	0.0006184692056276699
38	0.6521603157758717	0.013878250558476012	0.01352190120840056
999	0.9975671424451747	0.06054873772536685	0.007026117631917637
999	0.998459005278609	0.013161023478024182	0.0003528911848052603
999	0.9991243527441842	0.005744408419958234	0.00010380172532584672
999	0.9959271669187877	0.004359947430950066	0.00016362483933375228
999	0.9984620782535011	0.0021820798322456916	4.645280236067114e-05
999	0.9983537799779273	0.007115152777093318	0.00027033893027444473
939	0.9524786658894993	0.00565023922491486	0.0009745432022889882
999	0.9772392557326982	0.011747470434566093	0.001483189905161612
999	0.9968123655203667	0.004631355942224219	0.00032570883358020255
999	0.9983234168288582	0.0031227451222665768	0.0002164054928941839
999	0.9964454417141926	0.0036297701363019593	0.0002608465528364003
999	0.9987830678052085	0.0020807877222256553	0.00010883991774710842
999	0.9993137870199246	0.0012781113824664393	1.0288389058952271e-05
999	0.9987657159460209	0.007514753333418377	0.0004138161438148799
999	0.9964767917596685	0.005365798499443318	0.00011701020708028705
999	1.000014132164883	0.0019323568520574297	4.238176275152996e-05
999	0.9990001694967486	0.0028843001750196258	2.6371739714214038e-05
999	0.9932184355660032	0.004640284070742692	0.00029869742288123654
999	0.9979660389516459	0.004634426556642304	5.067191998953624e-05
999	0.9962629332540613	0.005704621187239174	0.0001018710040739393
999	0.999155104842882	0.0026735225218145445	2.6843695141852497e-05
999	0.9985094020145975	0.00213414630385224	3.957352449682397e-05
999	0.999281156784672	0.004083202801692804	8.070709554066616e-05
999	0.9880465717289952	0.007724680627687575	0.0009911388879397971
999	0.9996556448955327	0.0035037411060537334	2.818861150273562e-05
999	0.9982406116638639	0.004903370584939636	0.00011272227070307722
999	0.9956920618877109	0.008744864636102394	0.0008899947714727606
999	0.998119629390713	0.004421455383207756	9.410863199095561e-05
999	0.9965840130186941	0.0068322159999047736	0.00029881373028455254
999	0.9989248725730699	0.003911787194854244	7.299495463975781e-05
999	0.9992520479583605	0.0025415286855871425	4.161797330067981e-05
999	0.9988597757445139	0.003162218623593069	0.00012624152123180693
999	0.9991390054355378	0.0028622407003914426	7.406649837975892e-05
999	0.9973928559330112	0.003930251027554732	0.00020893175641921934
999	0.9966073938543878	0.0030901874171470676	9.479826807914474e-05
999	0.9986617739970489	0.0030624889617460556	3.9598278245986306e-05
581	0.9279655411546325	0.012030335822384788	0.001267561844343303
999	0.998246423668474	0.0034955673586860195	0.0002759559177405293
999	0.9998086731427789	0.0015273614695249665	1.7512659274421372e-05
999	0.9993960286627583	0.002597233998768116	5.883372447093385e-05
999	0.9987771311341777	0.004116675996714024	9.375657812764241e-05
999	0.9992198644638184	0.0019324378434682537	3.4849940726468096e-05
999	0.9987139278675149	0.0021924645061539272	4.602933442166924e-05
999	1.0000568107095884	0.001448974224941522	6.487586603640836e-06
999	0.9982476477855871	0.004756696596542765	0.00026503661823930135
999	0.999839809729796	0.002375041561850042	3.1818520456199824e-05
999	0.9993404649929946	0.002541855333455495	0.00014795456786100271
999	0.9994667885777987	0.001977110177311122	1.9608146797876002e-05
999	0.9996355003790152	0.0022687289038578347	2.1871863823066264e-05
999	0.9995323668285322	0.002437642058417815	2.4901337752823025e-05
999	0.999065814263446	0.0029566586527290974	3.7115153427075494e-05
999	0.998642276692987	0.004808747832354098	7.913104851373551e-05
999	0.9926963642331189	0.008071327289013067	0.001220791477617222
999	0.9950783734800843	0.010299969663160505	0.00031706196348621105
999	0.9624755913000712	0.014611403516646412	0.0017119715086848558
999	0.9977747248675605	0.007613140411094391	0.00017953472005437042
999	0.9456316220312034	0.006111308208873246	0.0005124643363181114
999	0.9964920432640937	0.005539917040468171	0.00030671313410706927
999	0.994940550689498	0.003599147431853592	7.616696929143327e-05
999	0.9969523697616454	0.002307104310029255	4.0234462314540134e-05
999	0.9965283278489612	0.0029659708443994072	8.710267190014253e-05
999	0.9954688410097542	0.0034201377744820845	8.518144661595672e-05
999	0.9992119311396556	0.002078636604092476	2.1130687997498313e-05
999	0.9978008503366932	0.0031520329700453643	0.00010637181191310999
999	0.9975049744854114	0.0031353503034531947	0.00010488837142383909
999	0.9950471170507171	0.0048420236815430355	0.00029680046187692186
999	0.9913026467905659	0.01064260222688313	0.0015088615431736103
999	0.99761264184679	0.004637596651586231	0.00013781320532481523
999	0.9790886529286502	0.020470943824936916	0.002475932671039708
999	0.9965595225475141	0.003911681568554316	0.0008132407733186896
999	0.9983929488009237	0.005268803328747638	0.0001269021922516649
999	0.9982604014927895	0.002731612388670369	4.550271022980541e-05
999	0.997573763437433	0.0030415991130358327	0.0001478014017582926
999	0.9987785956928544	0.003303310715692588	0.00010704825727553507
999	0.9990098199596288	0.0030475533329614468	5.0423072994877715e-05
999	0.9991880887935147	0.002610545123820122	5.27094258983822e-05
999	0.9982604027918739	0.0031858361032150685	5.623434638139472e-05
42	0.4970247812992621	0.031639112323111264	0.45254126134097256
322	0.8418294730836958	0.12202230416850574	0.040317977844646136
209	0.6919686683002677	0.03033553188701323	0.004470647682349024
532	0.7844370117893589	0.031164600595340024	0.007068663710071084
999	0.9700943887178535	0.01927883136814646	0.0039161137532051655
999	0.998039239465668	0.00924518690872911	0.0010657570296648377
999	0.9988504050680274	0.0027965504265550036	4.699028833002686e-05
999	0.9992467353632463	0.0030371861669934944	7.505925194735782e-05
999	0.9950363164986312	0.008814939080040987	0.0005746864129490517
999	0.9821159445041677	0.02391333340862011	0.004397854924271777
999	0.9975926520833046	0.003914157071095006	9.402114879536144e-05
999	0.9977897133050334	0.005293022926283557	0.0005096472720585485
999	0.9991333404519811	0.002394185537556697	4.3611818491207976e-05
999	0.9969761655964117	0.0027038699348804767	6.0562613571009776e-05
999	0.9975518186213057	0.004293931971839991	0.0003813857280152848
999	0.9996799951408138	0.0018796489772326865	1.718266740463842e-05
999	0.9976937129906822	0.004874599588549176	0.00022389574397030165
999	0.9974107845259776	0.00490098000043142	0.00026791556547368646
999	0.9995863495159133	0.002286221183399052	2.7226164494496918e-05
999	0.9997085782497181	0.0019738627568070734	1.6517877153998596e-05
999	0.9982634061639705	0.004290806372996389	7.915735494333074e-05
