1615.19298483576
4.04531287047310
2.99899772360992
2.14409188377987
1.83366872102859
1.34017760060194
1.28405229364861
1.25089019316167
0.944543343396105
0.894761339402387
0.895795042565839
0.640764382530248
0.739506794794396
0.795338800082647
0.825798343508188
0.621782175815154
0.470055617329463
0.625919131489228
0.534379403526105
0.561865883846507
0.658887247389167
0.528951899620015
0.587029913685532
0.442917555951336
0.446152894299192
0.408326114280371
0.528806962311551
0.529599660222459
0.463767302323082
0.442790462824947
0.421943302616086
0.365054806925483
0.317436002814273
0.358238899754999
0.379852699842769
0.388448972266898
0.303303804777642
0.347265416988383
0.309691815531613
0.326311767780100
0.308852757783825
0.301397236000648
0.307364194635625
0.295634829701512
0.276425018997242
0.319510794879018
0.274305741811179
0.340296208013282
0.283860373358452
0.268882957334383
0.259301991872936
0.242337793638601
0.291453965811055
0.261098535936841
0.247771627171063
0.279301836395818
0.236792479296224
0.231000634925667
0.234341420885148
0.235215591149184
0.265794989721988
0.222372271240285
0.222150625176391
0.228311445647936
0.196476009355582
0.187011524282538
0.200713443319081
0.204844724363595
0.220253791452380
0.170943662659774
0.202213931822642
0.174515212121807
0.179106259097159
0.183453942788171
0.171264399010536
0.180278461799761
0.171850702032728
0.156985804449185
0.170537473930520
0.147787158985018
0.174015263578803
0.168036526103006
0.161417346529804
0.149834350717630
0.147684092865898
0.165632395490214
0.162336535846931
0.147193678582181
0.177892573251816
0.153104312250841
0.124726468794936
0.141233869785090
0.141671521611988
0.156602817128742
0.144478148843573
0.145263680112376
0.155094870524861
0.137275065770314
0.132950374254810
0.138902348735088
0.143637430421256
0.161696303150080
0.128589480816965
0.141362514218139
0.133483231822178
0.130258941733085
0.124320156074039
0.136385423518226
0.139183923211257
0.144090147399246
0.120800196071315
0.134646238454884
0.112913300309789
0.137833994950404
0.132980886485752
0.129558209749907
0.126061822845906
0.126692756470979
0.129629932458324
0.133670620630374
0.124191776432606
0.145662685667639
0.128884239437063
0.122246607265527
0.125575063287894
0.125091066671594
0.141404954059046
0.130060122660972
0.127271955136902
0.136518047737564
0.120463741362197
0.116972034497001
0.121182204093146
0.126470064224608
0.144218733285283
0.115477536153968
0.128142262602264
0.117218299259186
0.115773198054955
0.111172303062205
0.121136001214860
0.121062151916116
0.124863574765231
0.0985391707327685
0.112064943100491
0.0951856061152656
0.110614140288836
0.104869162792891
0.105620006747750
0.104021242480325
0.0976837010953041
0.101639375415766
0.105656922512127
0.0901486783767494
0.108097846733988
0.0995234373643007
0.0897549130455188
0.0888302345574397
0.0864521263305704
0.102282070849028
0.0919987271941200
0.0905866564433776
0.0978089362992402
0.0861718281975225
0.0744450606438517
0.0845509808638765
0.0820302720699368
0.0966302432942385
0.0735822791521887
0.0813452387683549
0.0741117228377727
0.0669223936557336
0.0659545818182784
0.0748358509581286
0.0718390256775371
0.0740145993334337
0.0598528542529863
0.0681219990413057
0.0512472656894979
0.0593818398202843
0.0573075346293029
0.0627010793095282
0.0553853776167655
0.0603926573151757
0.0526126002161179
0.0561657041920293
0.0460879766784442
0.0565950146759105
0.0516866945457552
0.0491775553635103
0.0441910970140892
0.0427896836173293
0.0542760440568998
0.0485800769780228
0.0468775085451549
0.0568844498212318
0.0452477115777167
0.0413622541182690
0.0415296570484975
0.0411473735723697
0.0553004407333759
0.0510346344852254
0.0496880410017712
0.0576861649261512
0.0430222504598185
0.0421661985241615
0.0481531202810575
0.0468755423918583
0.0602122591880471
0.0543571029617758
0.0528315346330439
0.0550312911312598
0.0466509277107311
0.0417895322686313
0.0534188477009911
0.0551403326952889
0.0634226860985382
0.0476563188547416
0.0596068812581048
0.0529508475014335
0.0555154415774632
0.0524678893243055
0.0633942048522260
0.0591083708440284
0.0601137717240974
0.0493351866314260
0.0621447163269852
0.0497147049599289
0.0645399908348427
0.0613434910877783
0.0678530672526486
0.0581348560165645
0.0590310596533772
0.0604801821191761
0.0674291811050532
0.0584959963309177
0.0760235057389745
0.0645399362133915
0.0662315061215246
0.0619501669534745
0.0623575819366616
0.0750692978806465
0.0660338953648262
0.0702622925404416
0.0757485743144798
0.0642501717519923
0.0631128529295133
0.0700909864484146
0.0666340965032480
0.0761632247489874
0.0619242690798931
0.0703580230496635
0.0681994703350240
0.0636468183976650
0.0664695075014919
0.0748124479470947
0.0690707810644576
0.0747574998459436
0.0581025652587145
0.0692357789025025
0.0593149676778468
0.0713835656881248
0.0703159850427147
0.0747237675522006
0.0674274638363531
0.0650405423267044
0.0634073394046456
0.0707661082200976
0.0635149012562597
0.0757657888001549
0.0708821005059382
0.0734891887096773
0.0623888042200321
0.0654315943548671
0.0736183161221268
0.0719454864230250
0.0667018540600809
0.0800946141558095
0.0680261713571032
0.0633502572663084
0.0675586772137157
0.0686716061332893
0.0800707977825742
0.0649690408465996
0.0726302358021521
0.0690170729648192
0.0626161158235890
0.0592676991369254
0.0721646750799358
0.0682777940887774
0.0738379452624116
0.0587062431597101
0.0685575911240391
0.0606502721067056
0.0676353401615780
0.0661851101346210
0.0719818496387057
0.0661851101346210
0.0676353401615780
0.0606502721067056
0.0685575911240391
0.0587062431597101
0.0738379452624116
0.0682777940887774
0.0721646750799358
0.0592676991369254
0.0626161158235890
0.0690170729648192
0.0726302358021521
0.0649690408465996
0.0800707977825742
0.0686716061332893
0.0675586772137157
0.0633502572663084
0.0680261713571032
0.0800946141558095
0.0667018540600809
0.0719454864230250
0.0736183161221268
0.0654315943548671
0.0623888042200321
0.0734891887096773
0.0708821005059382
0.0757657888001549
0.0635149012562597
0.0707661082200976
0.0634073394046456
0.0650405423267044
0.0674274638363531
0.0747237675522006
0.0703159850427147
0.0713835656881248
0.0593149676778468
0.0692357789025025
0.0581025652587145
0.0747574998459436
0.0690707810644576
0.0748124479470947
0.0664695075014919
0.0636468183976650
0.0681994703350240
0.0703580230496635
0.0619242690798931
0.0761632247489874
0.0666340965032480
0.0700909864484146
0.0631128529295133
0.0642501717519923
0.0757485743144798
0.0702622925404416
0.0660338953648262
0.0750692978806465
0.0623575819366616
0.0619501669534745
0.0662315061215246
0.0645399362133915
0.0760235057389745
0.0584959963309177
0.0674291811050532
0.0604801821191761
0.0590310596533772
0.0581348560165645
0.0678530672526486
0.0613434910877783
0.0645399908348427
0.0497147049599289
0.0621447163269852
0.0493351866314260
0.0601137717240974
0.0591083708440284
0.0633942048522260
0.0524678893243055
0.0555154415774632
0.0529508475014335
0.0596068812581048
0.0476563188547416
0.0634226860985382
0.0551403326952889
0.0534188477009911
0.0417895322686313
0.0466509277107311
0.0550312911312598
0.0528315346330439
0.0543571029617758
0.0602122591880471
0.0468755423918583
0.0481531202810575
0.0421661985241615
0.0430222504598185
0.0576861649261512
0.0496880410017712
0.0510346344852254
0.0553004407333759
0.0411473735723697
0.0415296570484975
0.0413622541182690
0.0452477115777167
0.0568844498212318
0.0468775085451549
0.0485800769780228
0.0542760440568998
0.0427896836173293
0.0441910970140892
0.0491775553635103
0.0516866945457552
0.0565950146759105
0.0460879766784442
0.0561657041920293
0.0526126002161179
0.0603926573151757
0.0553853776167655
0.0627010793095282
0.0573075346293029
0.0593818398202843
0.0512472656894979
0.0681219990413057
0.0598528542529863
0.0740145993334337
0.0718390256775371
0.0748358509581286
0.0659545818182784
0.0669223936557336
0.0741117228377727
0.0813452387683549
0.0735822791521887
0.0966302432942385
0.0820302720699368
0.0845509808638765
0.0744450606438517
0.0861718281975225
0.0978089362992402
0.0905866564433776
0.0919987271941200
0.102282070849028
0.0864521263305704
0.0888302345574397
0.0897549130455188
0.0995234373643007
0.108097846733988
0.0901486783767494
0.105656922512127
0.101639375415766
0.0976837010953041
0.104021242480325
0.105620006747750
0.104869162792891
0.110614140288836
0.0951856061152656
0.112064943100491
0.0985391707327685
0.124863574765231
0.121062151916116
0.121136001214860
0.111172303062205
0.115773198054955
0.117218299259186
0.128142262602264
0.115477536153968
0.144218733285283
0.126470064224608
0.121182204093146
0.116972034497001
0.120463741362197
0.136518047737564
0.127271955136902
0.130060122660972
0.141404954059046
0.125091066671594
0.125575063287894
0.122246607265527
0.128884239437063
0.145662685667639
0.124191776432606
0.133670620630374
0.129629932458324
0.126692756470979
0.126061822845906
0.129558209749907
0.132980886485752
0.137833994950404
0.112913300309789
0.134646238454884
0.120800196071315
0.144090147399246
0.139183923211257
0.136385423518226
0.124320156074039
0.130258941733085
0.133483231822178
0.141362514218139
0.128589480816965
0.161696303150080
0.143637430421256
0.138902348735088
0.132950374254810
0.137275065770314
0.155094870524861
0.145263680112376
0.144478148843573
0.156602817128742
0.141671521611988
0.141233869785090
0.124726468794936
0.153104312250841
0.177892573251816
0.147193678582181
0.162336535846931
0.165632395490214
0.147684092865898
0.149834350717630
0.161417346529804
0.168036526103006
0.174015263578803
0.147787158985018
0.170537473930520
0.156985804449185
0.171850702032728
0.180278461799761
0.171264399010536
0.183453942788171
0.179106259097159
0.174515212121807
0.202213931822642
0.170943662659774
0.220253791452380
0.204844724363595
0.200713443319081
0.187011524282538
0.196476009355582
0.228311445647936
0.222150625176391
0.222372271240285
0.265794989721988
0.235215591149184
0.234341420885148
0.231000634925667
0.236792479296224
0.279301836395818
0.247771627171063
0.261098535936841
0.291453965811055
0.242337793638601
0.259301991872936
0.268882957334383
0.283860373358452
0.340296208013282
0.274305741811179
0.319510794879018
0.276425018997242
0.295634829701512
0.307364194635625
0.301397236000648
0.308852757783825
0.326311767780100
0.309691815531613
0.347265416988383
0.303303804777642
0.388448972266898
0.379852699842769
0.358238899754999
0.317436002814273
0.365054806925483
0.421943302616086
0.442790462824947
0.463767302323082
0.529599660222459
0.528806962311551
0.408326114280371
0.446152894299192
0.442917555951336
0.587029913685532
0.528951899620015
0.658887247389167
0.561865883846507
0.534379403526105
0.625919131489228
0.470055617329463
0.621782175815154
0.825798343508188
0.795338800082647
0.739506794794396
0.640764382530248
0.895795042565839
0.894761339402387
0.944543343396105
1.25089019316167
1.28405229364861
1.34017760060194
1.83366872102859
2.14409188377987
2.99899772360992
4.04531287047310