835.200434293563
2.95017750445196
1.38928692920187
1.31170905528728
0.902270908068422
0.779590641312512
0.641711489097891
0.522820189664397
0.544259759279183
1.12586665717186
0.460159762328977
0.426551230500784
0.340343297293657
0.363432513263297
0.302752246107906
0.291769333099458
0.259366555824253
0.279208301375963
0.333367397283993
0.240758576459602
0.214691399138286
0.208914241719979
0.199600499506486
0.195941150698397
0.179905051076899
0.174616965399416
0.175498568748059
0.193318434119851
0.167729143351802
0.170858685137585
0.173646647075343
0.166522902412342
0.151233604472913
0.151075041889432
0.135934145780838
0.175148962505196
0.132618697034528
0.132876283627044
0.132492600758569
0.121275332972209
0.123453772925867
0.113125677201247
0.118112252180264
0.119121793057515
0.130358850390877
0.105717360159742
0.103281367959526
0.113544150538401
0.102171411999346
0.105606250064765
0.100569889683737
0.102609207067867
0.0968831109017334
0.112554889861634
0.0910395916646618
0.100045237809489
0.0972676284452144
0.0961702720317392
0.0894706394103764
0.0874488116435122
0.0894967977495663
0.0888986544635507
0.0906527414518332
0.0818935130015692
0.0822247543302754
0.0909453543231128
0.0912003737741681
0.0792867706928783
0.0829851895895208
0.0783921116542522
0.0816999736133774
0.0866738760523668
0.0780380965035998
0.0843361366736081
0.0962228381773210
0.220785761652954
0.122859634706146
0.0936138738753268
0.0896021899816765
0.0829227421530427
0.0803054646750658
0.0785423982486840
0.0783775973859689
0.0781673595605823
0.0790585810589293
0.0729979692335783
0.0764489976403475
0.0696706886435075
0.0729708029327140
0.0730795823053180
0.0709667010180722
0.0723813695461543
0.0739320413818809
0.0685450377475642
0.0663714615376144
0.0684553648809122
0.0705153020130583
0.0719022539550244
0.0680806050507912
0.0697813647534743
0.0668009822490577
0.0679412983037166
0.0678511787014482
0.0674734208209542
0.0643325002801181
0.0664181308926792
0.0653454500430577
0.0671672449814087
0.0646357749142396
0.0640221415988710
0.0664542535641284
0.0644860345671427
0.0636342466286986
0.0628338075520295
0.0609940125829816
0.0602873012391231
0.0589430911576504
0.0624698910846587
0.0603283393558161
0.0608888165305407
0.0610005991149068
0.0620673827882836
0.0638872640778272
0.0658637285568754
0.0640832826483169
0.0629918723787620
0.0687897675660166
0.0648352487865413
0.0674537636937107
0.0612864747031821
0.0655723659261953
0.0660108134470527
0.0606544490554649
0.0596394899064310
0.0678867922677070
0.0613311566794715
0.0656161882727498
0.0628849127733678
0.0687718537172083
0.0613410025301735
0.0701803910164510
0.0785145414911794
0.0730996113882387
0.0724803354683029
0.0698108071042766
0.0754167094579523
0.0850998283969415
0.0889471651374819
0.100623088736525
0.133928241865446
0.279369586528741
0.279369586528741
0.133928241865446
0.100623088736525
0.0889471651374819
0.0850998283969415
0.0754167094579523
0.0698108071042766
0.0724803354683029
0.0730996113882387
0.0785145414911794
0.0701803910164510
0.0613410025301735
0.0687718537172083
0.0628849127733678
0.0656161882727498
0.0613311566794715
0.0678867922677070
0.0596394899064310
0.0606544490554649
0.0660108134470527
0.0655723659261953
0.0612864747031821
0.0674537636937107
0.0648352487865413
0.0687897675660166
0.0629918723787620
0.0640832826483169
0.0658637285568754
0.0638872640778272
0.0620673827882836
0.0610005991149068
0.0608888165305407
0.0603283393558161
0.0624698910846587
0.0589430911576504
0.0602873012391231
0.0609940125829816
0.0628338075520295
0.0636342466286986
0.0644860345671427
0.0664542535641284
0.0640221415988710
0.0646357749142396
0.0671672449814087
0.0653454500430577
0.0664181308926792
0.0643325002801181
0.0674734208209542
0.0678511787014482
0.0679412983037166
0.0668009822490577
0.0697813647534743
0.0680806050507912
0.0719022539550244
0.0705153020130583
0.0684553648809122
0.0663714615376144
0.0685450377475642
0.0739320413818809
0.0723813695461543
0.0709667010180722
0.0730795823053180
0.0729708029327140
0.0696706886435075
0.0764489976403475
0.0729979692335783
0.0790585810589293
0.0781673595605823
0.0783775973859689
0.0785423982486840
0.0803054646750658
0.0829227421530427
0.0896021899816765
0.0936138738753268
0.122859634706146
0.220785761652954
0.0962228381773210
0.0843361366736081
0.0780380965035998
0.0866738760523668
0.0816999736133774
0.0783921116542522
0.0829851895895208
0.0792867706928783
0.0912003737741681
0.0909453543231128
0.0822247543302754
0.0818935130015692
0.0906527414518332
0.0888986544635507
0.0894967977495663
0.0874488116435122
0.0894706394103764
0.0961702720317392
0.0972676284452144
0.100045237809489
0.0910395916646618
0.112554889861634
0.0968831109017334
0.102609207067867
0.100569889683737
0.105606250064765
0.102171411999346
0.113544150538401
0.103281367959526
0.105717360159742
0.130358850390877
0.119121793057515
0.118112252180264
0.113125677201247
0.123453772925867
0.121275332972209
0.132492600758569
0.132876283627044
0.132618697034528
0.175148962505196
0.135934145780838
0.151075041889432
0.151233604472913
0.166522902412342
0.173646647075343
0.170858685137585
0.167729143351802
0.193318434119851
0.175498568748059
0.174616965399416
0.179905051076899
0.195941150698397
0.199600499506486
0.208914241719979
0.214691399138286
0.240758576459602
0.333367397283993
0.279208301375963
0.259366555824253
0.291769333099458
0.302752246107906
0.363432513263297
0.340343297293657
0.426551230500784
0.460159762328977
1.12586665717186
0.544259759279183
0.522820189664397
0.641711489097891
0.779590641312512
0.902270908068422
1.31170905528728
1.38928692920187
2.95017750445196