4130.42393028431
12.2521538076216
14.1760974368058
9.92224673447775
6.38851844754599
6.21935005042447
3.48924524641522
4.72603255255153
1.98728812427550
3.17231058746964
3.13774108432044
2.09910663213854
3.06463664297983
2.12059895988475
1.75654190345863
1.69695794420456
1.04005291162674
1.61986718460080
1.11351635840951
1.19680084467001
1.19711018531442
0.613236936380484
0.994294172396144
0.676862839049030
1.14051870066889
0.760506857005276
1.32757788492159
1.10694785155299
0.869780424666744
1.00748606439754
1.00398272829389
1.00233782923146
0.999632702060262
0.779653651749861
0.914305934332859
0.694055514311666
0.768704095266915
0.642785384949895
0.631667125113724
0.574233365187582
0.630518419568564
0.536926469897569
0.603259436633300
0.545256618179311
0.591979803280930
0.514413338479450
0.520133798858633
0.512125437624117
0.457148130228468
0.529320197037344
0.420924915119358
0.521186664293345
0.476422725429974
0.495085715549164
0.515001498348082
0.428500502405055
0.531393321075533
0.483261555171833
0.488332314465649
0.457319164310113
0.627555521734935
0.469703044139997
0.449386918619082
0.462164000888522
0.435459005286638
0.399089570366961
0.420438121193054
0.370379566559927
0.382216009871505
0.382621037405397
0.386354295777597
0.372194648383459
0.363186099467093
0.414338889765415
0.362957305317239
0.376406459989610
0.408912969149754
0.383812508720559
0.364458258574670
0.334438004543809
0.379969573732266
0.356132035368393
0.334704580785378
0.384166311695984
0.325555704882554
0.366086453969538
0.323268185198253
0.381763572041190
0.345263060686858
0.319779793382788
0.382076296855119
0.321500484854379
0.283501047942716
0.292646609257371
0.295787000179253
0.316995024150524
0.272991735994512
0.285307490133715
0.263557029105995
0.266675345471879
0.320446809787776
0.284213415323275
0.296358155653150
0.290412399763878
0.292804894891453
0.283585643533898
0.292610751212207
0.298190477186036
0.276770352214043
0.282477368951471
0.293171143861794
0.274685778320457
0.261337702674441
0.251727353502440
0.241985246092220
0.254808561622211
0.258897505231805
0.247491394393517
0.257098004546863
0.256868038557460
0.317306951351823
0.263514061799838
0.244017863829472
0.242386764689026
0.247600406384606
0.245494353192244
0.233251018931069
0.249647847778463
0.245736310996442
0.264082800979451
0.244449998339800
0.251169352622507
0.263538894036306
0.238263818628313
0.263801259553272
0.237773092862813
0.246471522046529
0.231592978372866
0.234601599022178
0.235745594538410
0.238509429299760
0.232295975095183
0.231388866275671
0.204687094789277
0.214894519072588
0.236765595378550
0.232015271564215
0.228663023955596
0.229908561522164
0.223113991826477
0.262175506716797
0.209491073252304
0.215359391259273
0.206705712525064
0.210416002549286
0.207583293139942
0.208963831844654
0.219628477414333
0.221639814684260
0.220855014828240
0.212976286438233
0.213599355130414
0.199607903586507
0.215611383918910
0.202071843346876
0.214737034639499
0.217046037799722
0.205836879028833
0.201372840634892
0.210100406507804
0.201442821045827
0.200895540625361
0.203773953177317
0.219302460085494
0.203995968287037
0.193644516950402
0.188820181585099
0.185516544807735
0.197184258850786
0.195263770832014
0.240433547786263
0.203956072534758
0.194200150778732
0.202767366165632
0.189415571509681
0.197570243374361
0.183742750518458
0.180306149395481
0.180996627023956
0.192299177124564
0.184735317420017
0.193652258200714
0.173820369968824
0.200993970418052
0.188054876093751
0.194944443232390
0.184973623991774
0.194676134747668
0.189346711719353
0.177685339838923
0.200527620646829
0.177711183247796
0.171760456852427
0.185142119719908
0.174256392423664
0.178871417684752
0.172773184547380
0.192241217217551
0.187476862987764
0.179899322541900
0.227734866420845
0.182060757561385
0.195223795660547
0.179789729700610
0.174164833480521
0.178331469194155
0.170057536294610
0.170123467224709
0.162229137163324
0.174146471083226
0.154247388562850
0.169484800313053
0.173105667788031
0.160474513676904
0.167328712371009
0.513629593042716
0.194793172148043
0.202597525338775
0.200146712984024
0.184045115667726
0.186030515394822
0.166341749336886
0.196061083888232
0.184487167820480
0.183257767823742
0.163808590009555
0.165263403074788
0.162294448175660
0.165520859788337
0.164810264467859
0.176652344679185
0.165986284922089
0.170647616056689
0.159898009443357
0.155534979039387
0.155951154985965
0.157231896107151
0.145773868719247
0.158468663066541
0.152270298442930
0.158402924481933
0.177298582779809
0.154119236252745
0.173795029444209
0.177436432422558
0.172246984685729
0.167181254558718
0.155962128223855
0.169608855183119
0.143667583102401
0.160188204454964
0.151681983917881
0.158057271444423
0.155046858937448
0.151086410178026
0.151503849979185
0.157223958942717
0.165931924905986
0.139400511978943
0.160807158038033
0.190061253781391
0.162101077342073
0.145928430633627
0.168625194703539
0.158803015781444
0.156499887417197
0.143940289516514
0.157723541787126
0.150675442077912
0.159841447371597
0.151321477541351
0.146135968210949
0.155548305558512
0.154788481290549
0.152065129662647
0.151839502849834
0.149668928997094
0.162871373199637
0.143501403261665
0.153428972585037
0.152516886241385
0.151284018129535
0.149273739472034
0.139274637544168
0.145259338561132
0.146754119166725
0.151759319362386
0.145884879776287
0.138338823012888
0.143726086672126
0.193060074839558
0.145420005507009
0.140598368153679
0.146541780887764
0.136992630653231
0.141054052339907
0.147926019920529
0.153600817092386
0.150726001588606
0.139972290257658
0.138846324499402
0.153842220736452
0.155639405891826
0.146212620523622
0.139672088167921
0.147433400059185
0.133839160604362
0.148488246855184
0.147161723329190
0.139441833077103
0.142413243140280
0.132922590606368
0.140904823895163
0.139739505314163
0.143717069604220
0.148777406102649
0.142884991487040
0.141959103805399
0.146267559954455
0.148461534035503
0.152025544485140
0.141863853636260
0.142118378212093
0.140241346588979
0.148108162996068
0.136349007735654
0.137191025824346
0.132816360018189
0.137932773155785
0.138387761330122
0.144746764778808
0.135908261540578
0.149999571581842
0.138202529933392
0.141667261815893
0.137245019321486
0.147610440605129
0.144644097142290
0.150746794013492
0.143927052909823
0.137067818832419
0.136195603176838
0.130675877136281
0.130840574499603
0.133917908353188
0.147017369892684
0.152297061000702
0.149075595493154
0.139595087475533
0.147340890910802
0.232739223716420
0.133965395520328
0.143704901908519
0.145834323910058
0.142841237357445
0.128754118084357
0.130612706939539
0.130453370675817
0.143271373896794
0.139575619550284
0.146834801512710
0.146247357264574
0.144699680376576
0.136856888836180
0.145984029644992
0.142239373436905
0.137407723182689
0.143039148230348
0.132057584728678
0.140382428704028
0.147848464276713
0.130597946267128
0.132326099226456
0.139603744267618
0.124141595856429
0.129325239592949
0.137321042689833
0.133869122628472
0.142549215265529
0.138506635292107
0.130292530681804
0.147668457220329
0.139482765649594
0.138786678429167
0.143687817209833
0.135406813683028
0.139747294221345
0.136151848726720
0.138312165469741
0.133506954555599
0.150920153052594
0.140140834573227
0.137793340697385
0.138358565200583
0.135974798878518
0.143903688237492
0.135482903991825
0.130953157290760
0.134668037135946
0.137874800892606
0.130480493451208
0.144634726294331
0.133693620108176
0.140195087822082
0.136315729719856
0.146682755000921
0.140775224744958
0.149549063924846
0.152889399346821
0.162741757845488
0.498200126959345
0.145901914638159
0.138962442232310
0.130806758144158
0.141893783820554
0.144438209270639
0.141892849918071
0.146310106360407
0.138863173764850
0.140598887739784
0.146782963499565
0.142738579005093
0.143467137217104
0.141851697842925
0.146892192806586
0.140773629241498
0.144466552890759
0.141751887475175
0.135510052230926
0.135500388843272
0.136512642948893
0.143226386070394
0.159419656402875
0.154189999258415
0.149596242463432
0.154793218434892
0.154727233181814
0.154926536219725
0.164153393138281
0.173143346387698
0.931452843782258
0.173143346387698
0.164153393138281
0.154926536219725
0.154727233181814
0.154793218434892
0.149596242463432
0.154189999258415
0.159419656402875
0.143226386070394
0.136512642948893
0.135500388843272
0.135510052230926
0.141751887475175
0.144466552890759
0.140773629241498
0.146892192806586
0.141851697842925
0.143467137217104
0.142738579005093
0.146782963499565
0.140598887739784
0.138863173764850
0.146310106360407
0.141892849918071
0.144438209270639
0.141893783820554
0.130806758144158
0.138962442232310
0.145901914638159
0.498200126959345
0.162741757845488
0.152889399346821
0.149549063924846
0.140775224744958
0.146682755000921
0.136315729719856
0.140195087822082
0.133693620108176
0.144634726294331
0.130480493451208
0.137874800892606
0.134668037135946
0.130953157290760
0.135482903991825
0.143903688237492
0.135974798878518
0.138358565200583
0.137793340697385
0.140140834573227
0.150920153052594
0.133506954555599
0.138312165469741
0.136151848726720
0.139747294221345
0.135406813683028
0.143687817209833
0.138786678429167
0.139482765649594
0.147668457220329
0.130292530681804
0.138506635292107
0.142549215265529
0.133869122628472
0.137321042689833
0.129325239592949
0.124141595856429
0.139603744267618
0.132326099226456
0.130597946267128
0.147848464276713
0.140382428704028
0.132057584728678
0.143039148230348
0.137407723182689
0.142239373436905
0.145984029644992
0.136856888836180
0.144699680376576
0.146247357264574
0.146834801512710
0.139575619550284
0.143271373896794
0.130453370675817
0.130612706939539
0.128754118084357
0.142841237357445
0.145834323910058
0.143704901908519
0.133965395520328
0.232739223716420
0.147340890910802
0.139595087475533
0.149075595493154
0.152297061000702
0.147017369892684
0.133917908353188
0.130840574499603
0.130675877136281
0.136195603176838
0.137067818832419
0.143927052909823
0.150746794013492
0.144644097142290
0.147610440605129
0.137245019321486
0.141667261815893
0.138202529933392
0.149999571581842
0.135908261540578
0.144746764778808
0.138387761330122
0.137932773155785
0.132816360018189
0.137191025824346
0.136349007735654
0.148108162996068
0.140241346588979
0.142118378212093
0.141863853636260
0.152025544485140
0.148461534035503
0.146267559954455
0.141959103805399
0.142884991487040
0.148777406102649
0.143717069604220
0.139739505314163
0.140904823895163
0.132922590606368
0.142413243140280
0.139441833077103
0.147161723329190
0.148488246855184
0.133839160604362
0.147433400059185
0.139672088167921
0.146212620523622
0.155639405891826
0.153842220736452
0.138846324499402
0.139972290257658
0.150726001588606
0.153600817092386
0.147926019920529
0.141054052339907
0.136992630653231
0.146541780887764
0.140598368153679
0.145420005507009
0.193060074839558
0.143726086672126
0.138338823012888
0.145884879776287
0.151759319362386
0.146754119166725
0.145259338561132
0.139274637544168
0.149273739472034
0.151284018129535
0.152516886241385
0.153428972585037
0.143501403261665
0.162871373199637
0.149668928997094
0.151839502849834
0.152065129662647
0.154788481290549
0.155548305558512
0.146135968210949
0.151321477541351
0.159841447371597
0.150675442077912
0.157723541787126
0.143940289516514
0.156499887417197
0.158803015781444
0.168625194703539
0.145928430633627
0.162101077342073
0.190061253781391
0.160807158038033
0.139400511978943
0.165931924905986
0.157223958942717
0.151503849979185
0.151086410178026
0.155046858937448
0.158057271444423
0.151681983917881
0.160188204454964
0.143667583102401
0.169608855183119
0.155962128223855
0.167181254558718
0.172246984685729
0.177436432422558
0.173795029444209
0.154119236252745
0.177298582779809
0.158402924481933
0.152270298442930
0.158468663066541
0.145773868719247
0.157231896107151
0.155951154985965
0.155534979039387
0.159898009443357
0.170647616056689
0.165986284922089
0.176652344679185
0.164810264467859
0.165520859788337
0.162294448175660
0.165263403074788
0.163808590009555
0.183257767823742
0.184487167820480
0.196061083888232
0.166341749336886
0.186030515394822
0.184045115667726
0.200146712984024
0.202597525338775
0.194793172148043
0.513629593042716
0.167328712371009
0.160474513676904
0.173105667788031
0.169484800313053
0.154247388562850
0.174146471083226
0.162229137163324
0.170123467224709
0.170057536294610
0.178331469194155
0.174164833480521
0.179789729700610
0.195223795660547
0.182060757561385
0.227734866420845
0.179899322541900
0.187476862987764
0.192241217217551
0.172773184547380
0.178871417684752
0.174256392423664
0.185142119719908
0.171760456852427
0.177711183247796
0.200527620646829
0.177685339838923
0.189346711719353
0.194676134747668
0.184973623991774
0.194944443232390
0.188054876093751
0.200993970418052
0.173820369968824
0.193652258200714
0.184735317420017
0.192299177124564
0.180996627023956
0.180306149395481
0.183742750518458
0.197570243374361
0.189415571509681
0.202767366165632
0.194200150778732
0.203956072534758
0.240433547786263
0.195263770832014
0.197184258850786
0.185516544807735
0.188820181585099
0.193644516950402
0.203995968287037
0.219302460085494
0.203773953177317
0.200895540625361
0.201442821045827
0.210100406507804
0.201372840634892
0.205836879028833
0.217046037799722
0.214737034639499
0.202071843346876
0.215611383918910
0.199607903586507
0.213599355130414
0.212976286438233
0.220855014828240
0.221639814684260
0.219628477414333
0.208963831844654
0.207583293139942
0.210416002549286
0.206705712525064
0.215359391259273
0.209491073252304
0.262175506716797
0.223113991826477
0.229908561522164
0.228663023955596
0.232015271564215
0.236765595378550
0.214894519072588
0.204687094789277
0.231388866275671
0.232295975095183
0.238509429299760
0.235745594538410
0.234601599022178
0.231592978372866
0.246471522046529
0.237773092862813
0.263801259553272
0.238263818628313
0.263538894036306
0.251169352622507
0.244449998339800
0.264082800979451
0.245736310996442
0.249647847778463
0.233251018931069
0.245494353192244
0.247600406384606
0.242386764689026
0.244017863829472
0.263514061799838
0.317306951351823
0.256868038557460
0.257098004546863
0.247491394393517
0.258897505231805
0.254808561622211
0.241985246092220
0.251727353502440
0.261337702674441
0.274685778320457
0.293171143861794
0.282477368951471
0.276770352214043
0.298190477186036
0.292610751212207
0.283585643533898
0.292804894891453
0.290412399763878
0.296358155653150
0.284213415323275
0.320446809787776
0.266675345471879
0.263557029105995
0.285307490133715
0.272991735994512
0.316995024150524
0.295787000179253
0.292646609257371
0.283501047942716
0.321500484854379
0.382076296855119
0.319779793382788
0.345263060686858
0.381763572041190
0.323268185198253
0.366086453969538
0.325555704882554
0.384166311695984
0.334704580785378
0.356132035368393
0.379969573732266
0.334438004543809
0.364458258574670
0.383812508720559
0.408912969149754
0.376406459989610
0.362957305317239
0.414338889765415
0.363186099467093
0.372194648383459
0.386354295777597
0.382621037405397
0.382216009871505
0.370379566559927
0.420438121193054
0.399089570366961
0.435459005286638
0.462164000888522
0.449386918619082
0.469703044139997
0.627555521734935
0.457319164310113
0.488332314465649
0.483261555171833
0.531393321075533
0.428500502405055
0.515001498348082
0.495085715549164
0.476422725429974
0.521186664293345
0.420924915119358
0.529320197037344
0.457148130228468
0.512125437624117
0.520133798858633
0.514413338479450
0.591979803280930
0.545256618179311
0.603259436633300
0.536926469897569
0.630518419568564
0.574233365187582
0.631667125113724
0.642785384949895
0.768704095266915
0.694055514311666
0.914305934332859
0.779653651749861
0.999632702060262
1.00233782923146
1.00398272829389
1.00748606439754
0.869780424666744
1.10694785155299
1.32757788492159
0.760506857005276
1.14051870066889
0.676862839049030
0.994294172396144
0.613236936380484
1.19711018531442
1.19680084467001
1.11351635840951
1.61986718460080
1.04005291162674
1.69695794420456
1.75654190345863
2.12059895988475
3.06463664297983
2.09910663213854
3.13774108432044
3.17231058746964
1.98728812427550
4.72603255255153
3.48924524641522
6.21935005042447
6.38851844754599
9.92224673447775
14.1760974368058
12.2521538076216